20101,'Saturday-00',521,,19014,11,,,0,10,,19024,11,,,0,10,,19033,11,,,0,10,,19044,11,,,0,50,,19052,11,,,0,10,,19062,11,,,0,10,,19072,11,,,0,10,,19081,11,,,0,10,,19091,11,,,0,10,,19101,11,,,0,50,,19111,11,,,0,10,,19121,11,,,0,10,,19130,11,,,0,10,,19015,11,,,0,10,,19025,11,,,0,10,,19034,11,,,0,50,,19045,11,,,0,10,,19053,11,,,0,10,,19063,11,,,0,10,,19073,11,,,0,10,,19082,11,,,0,10,,19092,11,,,0,50,,19102,11,,,0,10,,19112,11,,,0,10,,19122,11,,,0,10,,19131,11,,,0,10,,19016,11,,,0,10,,19026,11,,,0,50,,19035,11,,,0,10,,19046,11,,,0,10,,19054,11,,,0,10,,19064,11,,,0,10,,19074,11,,,0,10,,19083,11,,,0,50,,19093,11,,,0,10,,19103,11,,,0,10,,19113,11,,,0,10,,19123,11,,,0,10,,19132,11,,,0,10,,19017,11,,,0,50,,19027,11,,,0,10,,19036,11,,,0,10,,19047,11,,,0,10,,19055,11,,,0,10,,19065,11,,,0,10,,19075,11,,,0,50,,19084,11,,,0,10,,19094,11,,,0,10,,19104,11,,,0,10,,19114,11,,,0,10,,19124,11,,,0,10,,19133,11,,,0,50,,19018,11,,,0,10,,19028,11,,,0,10,,19038,11,,,0,10,,19048,11,,,0,10,,19056,11,,,0,10,,19066,11,,,0,50,,19076,11,,,0,10,,19085,11,,,0,10,,19095,11,,,0,10,,19105,11,,,0,10,,19115,11,,,0,10,,19125,11,,,0,50,,19134,11,,,0,10,,19019,11,,,0,10,,19029,11,,,0,10,,19039,11,,,0,10,,19049,11,,,0,10,,19057,11,,,0,50,,19067,11,,,0,10,,19077,11,,,0,10,,19086,11,,,0,10,,19096,11,,,0,10,,19106,11,,,0,10,,19116,11,,,0,50,,19126,11,,,0,10,,19135,11,,,0,10,,19020,11,,,0,10,,19030,11,,,0,10,,19040,11,,,0,10,,19050,11,,,0,50,,19058,11,,,0,10,,19068,11,,,0,10,,19078,11,,,0,10,,19087,11,,,0,10,,19097,11,,,0,10,,19108,11,,,0,50,,19117,11,,,0,10,,19127,11,,,0,10,,19136,11,,,0,10,,19021,11,,,0,10,,19037,11,,,0,10,,19041,11,,,0,50,,19051,11,,,0,10,,19059,11,,,0,10,,19069,11,,,0,10,,19079,11,,,0,10,,19088,11,,,0,10,,19098,11,,,0,50,,19107,11,,,0,15,,19118,11,,,0,15,,19128,11,,,0,7,,19137,11,,,0,8,,19022,11,,,0,55,,19031,11,,,0,15,,19042,11,,,0,15,,19060,11,,,0,15,,19070,11,,,0,55,,19089,11,,,0,15,,19099,11,,,0,15,,19109,11,,,0,15,,19119,11,,,0,55,,19129,11,,,0,15,,19023,11,,,0,15,,19032,11,,,0,15,,19043,11,,,0,55,,19061,11,,,0
20101,'Sunday-00',521,,19138,11,,,0,10,,19148,11,,,0,10,,19158,11,,,0,10,,19168,11,,,0,50,,19176,11,,,0,10,,19186,11,,,0,10,,19196,11,,,0,10,,19205,11,,,0,10,,19215,11,,,0,10,,19225,11,,,0,50,,19235,11,,,0,10,,19245,11,,,0,10,,19254,11,,,0,10,,19139,11,,,0,10,,19149,11,,,0,10,,19159,11,,,0,50,,19169,11,,,0,10,,19178,11,,,0,10,,19187,11,,,0,10,,19197,11,,,0,10,,19206,11,,,0,10,,19216,11,,,0,50,,19226,11,,,0,10,,19236,11,,,0,10,,19246,11,,,0,10,,19255,11,,,0,10,,19140,11,,,0,10,,19150,11,,,0,50,,19160,11,,,0,10,,19170,11,,,0,10,,19177,11,,,0,10,,19188,11,,,0,10,,19198,11,,,0,10,,19207,11,,,0,50,,19217,11,,,0,10,,19228,11,,,0,10,,19237,11,,,0,10,,19247,11,,,0,10,,19256,11,,,0,10,,19141,11,,,0,50,,19151,11,,,0,10,,19161,11,,,0,10,,19171,11,,,0,10,,19179,11,,,0,10,,19189,11,,,0,10,,19199,11,,,0,50,,19208,11,,,0,10,,19218,11,,,0,10,,19227,11,,,0,10,,19238,11,,,0,10,,19248,11,,,0,10,,19257,11,,,0,50,,19142,11,,,0,10,,19152,11,,,0,10,,19162,11,,,0,10,,19172,11,,,0,10,,19180,11,,,0,10,,19190,11,,,0,50,,19200,11,,,0,10,,19209,11,,,0,10,,19219,11,,,0,10,,19229,11,,,0,10,,19239,11,,,0,10,,19249,11,,,0,50,,19258,11,,,0,10,,19143,11,,,0,10,,19153,11,,,0,10,,19163,11,,,0,10,,19173,11,,,0,10,,19181,11,,,0,50,,19191,11,,,0,10,,19201,11,,,0,10,,19210,11,,,0,10,,19220,11,,,0,10,,19230,11,,,0,10,,19240,11,,,0,50,,19250,11,,,0,10,,19259,11,,,0,10,,19145,11,,,0,10,,19154,11,,,0,10,,19164,11,,,0,10,,19174,11,,,0,50,,19182,11,,,0,10,,19192,11,,,0,10,,19202,11,,,0,10,,19211,11,,,0,10,,19221,11,,,0,10,,19231,11,,,0,50,,19241,11,,,0,10,,19251,11,,,0,10,,19260,11,,,0,10,,19144,11,,,0,10,,19155,11,,,0,10,,19165,11,,,0,50,,19175,11,,,0,10,,19183,11,,,0,10,,19193,11,,,0,10,,19203,11,,,0,10,,19213,11,,,0,10,,19222,11,,,0,50,,19232,11,,,0,15,,19242,11,,,0,15,,19252,11,,,0,7,,19261,11,,,0,8,,19146,11,,,0,55,,19156,11,,,0,15,,19166,11,,,0,15,,19184,11,,,0,15,,19194,11,,,0,55,,19212,11,,,0,15,,19223,11,,,0,15,,19233,11,,,0,15,,19243,11,,,0,55,,19253,11,,,0,15,,19147,11,,,0,15,,19157,11,,,0,15,,19167,11,,,0,55,,19185,11,,,0
20101,'Weekday-00',458,,19262,11,,,0,48,,19263,11,,,0,17,,19426,11,,,0,5,,19265,11,,,0,10,,19266,11,,,0,10,,19267,11,,,0,5,,19404,11,,,0,5,,19264,11,,,0,45,,19405,11,,,0,4,,19268,11,,,0,5,,19269,11,,,0,5,,19430,11,,,0,5,,19272,11,,,0,5,,19428,11,,,0,5,,19273,11,,,0,5,,19270,11,,,0,5,,19271,11,,,0,5,,19274,11,,,0,5,,19275,11,,,0,5,,19276,11,,,0,45,,19277,11,,,0,5,,19278,11,,,0,5,,19279,11,,,0,5,,19280,11,,,0,5,,19281,11,,,0,5,,19282,11,,,0,5,,19283,11,,,0,4,,19284,11,,,0,6,,19285,11,,,0,5,,19286,11,,,0,5,,19287,11,,,0,5,,19288,11,,,0,45,,19289,11,,,0,5,,19290,11,,,0,5,,19292,11,,,0,5,,19293,11,,,0,5,,19294,11,,,0,5,,19291,11,,,0,5,,19295,11,,,0,5,,19296,11,,,0,5,,19297,11,,,0,5,,19298,11,,,0,5,,19299,11,,,0,6,,19300,11,,,0,45,,19301,11,,,0,5,,19302,11,,,0,5,,19303,11,,,0,5,,19304,11,,,0,5,,19305,11,,,0,5,,19306,11,,,0,5,,19436,11,,,0,5,,19307,11,,,0,4,,19435,11,,,0,5,,19308,11,,,0,5,,19437,11,,,0,6,,19309,11,,,0,45,,19438,11,,,0,5,,19310,11,,,0,10,,19311,11,,,0,10,,19313,11,,,0,10,,19314,11,,,0,10,,19315,11,,,0,10,,19312,11,,,0,50,,19316,11,,,0,10,,19317,11,,,0,10,,19318,11,,,0,10,,19319,11,,,0,10,,19320,11,,,0,10,,19321,11,,,0,46,,19322,11,,,0,14,,19323,11,,,0,10,,19324,11,,,0,10,,19325,11,,,0,10,,19326,11,,,0,10,,19327,11,,,0,50,,19329,11,,,0,10,,19330,11,,,0,10,,19331,11,,,0,10,,19328,11,,,0,10,,19332,11,,,0,10,,19333,11,,,0,50,,19334,11,,,0,10,,19335,11,,,0,8,,19336,11,,,0,12,,19337,11,,,0,8,,19338,11,,,0,11,,19340,11,,,0,50,,19341,11,,,0,5,,19429,11,,,0,5,,19342,11,,,0,5,,19339,11,,,0,5,,19343,11,,,0,5,,19344,11,,,0,5,,19347,11,,,0,4,,19348,11,,,0,4,,19444,11,,,0,2,,19345,11,,,0,5,,19346,11,,,0,5,,19349,11,,,0,45,,19350,11,,,0,5,,19351,11,,,0,5,,19352,11,,,0,5,,19353,11,,,0,5,,19354,11,,,0,5,,19355,11,,,0,5,,19356,11,,,0,4,,19357,11,,,0,6,,19358,11,,,0,5,,19359,11,,,0,5,,19360,11,,,0,5,,19361,11,,,0,45,,19362,11,,,0,5,,19363,11,,,0,5,,19364,11,,,0,5,,19365,11,,,0,5,,19366,11,,,0,5,,19367,11,,,0,5,,19368,11,,,0,5,,19369,11,,,0,4,,19370,11,,,0,5,,19371,11,,,0,5,,19372,11,,,0,5,,19445,11,,,0,45,,19373,11,,,0,4,,19374,11,,,0,5,,19375,11,,,0,5,,19376,11,,,0,5,,19377,11,,,0,5,,19378,11,,,0,4,,19379,11,,,0,4,,19442,11,,,0,11,,19380,11,,,0,6,,19381,11,,,0,50,,19382,11,,,0,5,,19443,11,,,0,5,,19383,11,,,0,5,,19403,11,,,0,5,,19384,11,,,0,12,,19385,11,,,0,8,,19386,11,,,0,10,,19388,11,,,0,50,,19389,11,,,0,10,,19390,11,,,0,10,,19387,11,,,0,10,,19391,11,,,0,10,,19392,11,,,0,10,,19393,11,,,0,50,,19394,11,,,0,10,,19395,11,,,0,11,,19396,11,,,0,14,,19407,11,,,0,8,,19424,11,,,0,8,,19406,11,,,0,7,,19425,11,,,0,47,,19408,11,,,0,15,,19409,11,,,0,15,,19410,11,,,0,15,,19411,11,,,0,55,,19412,11,,,0,15,,19413,11,,,0,15,,19414,11,,,0,15,,19415,11,,,0,55,,19416,11,,,0,15,,19417,11,,,0,15,,19418,11,,,0,15,,19419,11,,,0,55,,19420,11,,,0,15,,19421,11,,,0,15,,19422,11,,,0,15,,19423,11,,,0,55,,19402,11,,,0
20101,'LR3Sep30-Saturday-01',457,,19461,11,,,0,50,,19469,11,,,0,10,,19489,11,,,0,10,,19596,11,,,0,10,,19599,11,,,0,7,,19508,11,,,0,7,,19516,11,,,0,6,,19527,11,,,0,48,,19536,11,,,0,8,,19602,11,,,0,8,,19546,11,,,0,6,,19555,11,,,0,7,,19565,11,,,0,7,,19604,11,,,0,7,,19575,11,,,0,7,,19585,11,,,0,47,,19594,11,,,0,7,,19462,11,,,0,7,,19470,11,,,0,7,,19480,11,,,0,7,,19490,11,,,0,7,,19597,11,,,0,7,,19498,11,,,0,7,,19600,11,,,0,7,,19509,11,,,0,47,,19517,11,,,0,7,,19528,11,,,0,7,,19537,11,,,0,7,,19603,11,,,0,7,,19547,11,,,0,7,,19556,11,,,0,7,,19566,11,,,0,7,,19605,11,,,0,46,,19576,11,,,0,7,,19586,11,,,0,7,,19595,11,,,0,6,,19463,11,,,0,7,,19471,11,,,0,11,,19481,11,,,0,9,,19491,11,,,0,5,,19598,11,,,0,6,,19499,11,,,0,47,,19601,11,,,0,4,,19510,11,,,0,9,,19518,11,,,0,9,,19529,11,,,0,11,,19538,11,,,0,10,,19548,11,,,0,10,,19557,11,,,0,50,,19567,11,,,0,10,,19577,11,,,0,10,,19587,11,,,0,10,,19464,11,,,0,10,,19472,11,,,0,10,,19482,11,,,0,50,,19492,11,,,0,10,,19500,11,,,0,10,,19511,11,,,0,10,,19519,11,,,0,10,,19530,11,,,0,10,,19539,11,,,0,50,,19549,11,,,0,10,,19558,11,,,0,10,,19568,11,,,0,10,,19578,11,,,0,10,,19588,11,,,0,10,,19465,11,,,0,50,,19473,11,,,0,10,,19483,11,,,0,8,,19493,11,,,0,12,,19501,11,,,0,8,,19512,11,,,0,7,,19520,11,,,0,48,,19531,11,,,0,9,,19606,11,,,0,9,,19540,11,,,0,7,,19550,11,,,0,4,,19608,11,,,0,6,,19559,11,,,0,6,,19569,11,,,0,6,,19611,11,,,0,7,,19579,11,,,0,46,,19589,11,,,0,7,,19613,11,,,0,7,,19466,11,,,0,7,,19474,11,,,0,7,,19615,11,,,0,7,,19484,11,,,0,7,,19494,11,,,0,7,,19617,11,,,0,7,,19502,11,,,0,47,,19513,11,,,0,7,,19521,11,,,0,7,,19532,11,,,0,7,,19607,11,,,0,7,,19541,11,,,0,7,,19551,11,,,0,6,,19609,11,,,0,7,,19560,11,,,0,6,,19570,11,,,0,47,,19612,11,,,0,7,,19580,11,,,0,7,,19590,11,,,0,6,,19614,11,,,0,5,,19467,11,,,0,5,,19475,11,,,0,6,,19616,11,,,0,6,,19485,11,,,0,7,,19495,11,,,0,47,,19618,11,,,0,7,,19503,11,,,0,7,,19514,11,,,0,7,,19522,11,,,0,8,,19533,11,,,0,6,,19542,11,,,0,6,,19552,11,,,0,8,,19610,11,,,0,9,,19561,11,,,0,50,,19571,11,,,0,10,,19581,11,,,0,10,,19591,11,,,0,10,,19468,11,,,0,10,,19476,11,,,0,10,,19486,11,,,0,50,,19496,11,,,0,11,,19504,11,,,0,14,,19523,11,,,0,8,,19534,11,,,0,8,,19543,11,,,0,7,,19553,11,,,0,47,,19562,11,,,0,15,,19572,11,,,0,15,,19582,11,,,0,15,,19592,11,,,0,55,,19477,11,,,0,15,,19487,11,,,0,15,,19505,11,,,0,15,,19524,11,,,0,55,,19544,11,,,0,15,,19563,11,,,0,15,,19573,11,,,0,15,,19583,11,,,0,55,,19593,11,,,0,15,,19478,11,,,0,15,,19488,11,,,0,15,,19506,11,,,0,55,,19525,11,,,0
20101,'pT1Sep07-Sunday-00',521,,21272,11,,,0,10,,21282,11,,,0,10,,21292,11,,,0,10,,21302,11,,,0,50,,21310,11,,,0,10,,21320,11,,,0,10,,21330,11,,,0,10,,21338,11,,,0,10,,21349,11,,,0,10,,21359,11,,,0,50,,21369,11,,,0,10,,21379,11,,,0,10,,21388,11,,,0,10,,21273,11,,,0,10,,21283,11,,,0,10,,21293,11,,,0,50,,21303,11,,,0,10,,21312,11,,,0,10,,21321,11,,,0,10,,21331,11,,,0,10,,21340,11,,,0,10,,21350,11,,,0,50,,21360,11,,,0,10,,21371,11,,,0,10,,21380,11,,,0,10,,21389,11,,,0,10,,21274,11,,,0,10,,21284,11,,,0,50,,21294,11,,,0,10,,21304,11,,,0,10,,21311,11,,,0,10,,21322,11,,,0,10,,21332,11,,,0,10,,21341,11,,,0,50,,21351,11,,,0,10,,21362,11,,,0,10,,21370,11,,,0,10,,21381,11,,,0,10,,21390,11,,,0,10,,21275,11,,,0,50,,21285,11,,,0,10,,21296,11,,,0,10,,21305,11,,,0,10,,21313,11,,,0,10,,21323,11,,,0,10,,21333,11,,,0,50,,21342,11,,,0,10,,21352,11,,,0,10,,21361,11,,,0,10,,21372,11,,,0,10,,21382,11,,,0,10,,21391,11,,,0,50,,21276,11,,,0,10,,21286,11,,,0,10,,21295,11,,,0,10,,21306,11,,,0,10,,21314,11,,,0,10,,21324,11,,,0,50,,21334,11,,,0,10,,21343,11,,,0,10,,21353,11,,,0,10,,21363,11,,,0,10,,21373,11,,,0,10,,21383,11,,,0,50,,21392,11,,,0,10,,21277,11,,,0,10,,21287,11,,,0,10,,21297,11,,,0,10,,21307,11,,,0,10,,21315,11,,,0,50,,21326,11,,,0,10,,21335,11,,,0,10,,21344,11,,,0,10,,21354,11,,,0,10,,21364,11,,,0,10,,21374,11,,,0,50,,21384,11,,,0,10,,21393,11,,,0,10,,21279,11,,,0,10,,21288,11,,,0,10,,21298,11,,,0,10,,21308,11,,,0,50,,21316,11,,,0,10,,21325,11,,,0,10,,21336,11,,,0,10,,21345,11,,,0,10,,21355,11,,,0,10,,21365,11,,,0,50,,21375,11,,,0,10,,21385,11,,,0,10,,21394,11,,,0,10,,21278,11,,,0,10,,21289,11,,,0,10,,21299,11,,,0,50,,21309,11,,,0,10,,21317,11,,,0,10,,21327,11,,,0,10,,21337,11,,,0,10,,21347,11,,,0,10,,21356,11,,,0,50,,21366,11,,,0,15,,21376,11,,,0,15,,21386,11,,,0,7,,21395,11,,,0,8,,21280,11,,,0,55,,21290,11,,,0,15,,21300,11,,,0,15,,21318,11,,,0,15,,21328,11,,,0,55,,21346,11,,,0,15,,21357,11,,,0,15,,21367,11,,,0,15,,21377,11,,,0,55,,21387,11,,,0,15,,21281,11,,,0,15,,21291,11,,,0,15,,21301,11,,,0,55,,21319,11,,,0
20101,'pT5Sep04-Weekday-00',458,,21396,11,,,0,48,,21397,11,,,0,17,,21560,11,,,0,5,,21399,11,,,0,10,,21400,11,,,0,10,,21401,11,,,0,5,,21538,11,,,0,5,,21398,11,,,0,45,,21539,11,,,0,4,,21402,11,,,0,5,,21403,11,,,0,5,,21564,11,,,0,5,,21407,11,,,0,5,,21562,11,,,0,5,,21404,11,,,0,5,,21405,11,,,0,5,,21406,11,,,0,5,,21408,11,,,0,5,,21409,11,,,0,5,,21410,11,,,0,45,,21411,11,,,0,5,,21412,11,,,0,5,,21413,11,,,0,5,,21414,11,,,0,5,,21415,11,,,0,5,,21416,11,,,0,5,,21417,11,,,0,4,,21418,11,,,0,6,,21419,11,,,0,5,,21420,11,,,0,5,,21421,11,,,0,5,,21422,11,,,0,45,,21423,11,,,0,5,,21424,11,,,0,5,,21426,11,,,0,5,,21427,11,,,0,5,,21428,11,,,0,5,,21425,11,,,0,5,,21429,11,,,0,5,,21430,11,,,0,5,,21431,11,,,0,5,,21432,11,,,0,5,,21433,11,,,0,6,,21434,11,,,0,45,,21435,11,,,0,5,,21436,11,,,0,5,,21437,11,,,0,5,,21438,11,,,0,5,,21439,11,,,0,5,,21440,11,,,0,5,,21570,11,,,0,5,,21441,11,,,0,4,,21569,11,,,0,5,,21442,11,,,0,5,,21571,11,,,0,6,,21443,11,,,0,45,,21572,11,,,0,5,,21444,11,,,0,10,,21445,11,,,0,10,,21447,11,,,0,10,,21448,11,,,0,10,,21449,11,,,0,10,,21446,11,,,0,50,,21450,11,,,0,10,,21451,11,,,0,10,,21452,11,,,0,10,,21453,11,,,0,10,,21454,11,,,0,10,,21455,11,,,0,46,,21456,11,,,0,14,,21457,11,,,0,10,,21458,11,,,0,10,,21459,11,,,0,10,,21460,11,,,0,10,,21461,11,,,0,50,,21463,11,,,0,10,,21464,11,,,0,10,,21465,11,,,0,10,,21462,11,,,0,10,,21466,11,,,0,10,,21467,11,,,0,50,,21468,11,,,0,10,,21469,11,,,0,8,,21470,11,,,0,12,,21471,11,,,0,8,,21472,11,,,0,11,,21474,11,,,0,50,,21475,11,,,0,5,,21563,11,,,0,5,,21476,11,,,0,5,,21473,11,,,0,5,,21477,11,,,0,5,,21479,11,,,0,5,,21478,11,,,0,4,,21482,11,,,0,4,,21578,11,,,0,2,,21480,11,,,0,5,,21481,11,,,0,5,,21483,11,,,0,45,,21484,11,,,0,5,,21485,11,,,0,5,,21486,11,,,0,5,,21487,11,,,0,5,,21488,11,,,0,5,,21489,11,,,0,5,,21490,11,,,0,4,,21491,11,,,0,6,,21492,11,,,0,5,,21493,11,,,0,5,,21494,11,,,0,5,,21495,11,,,0,45,,21496,11,,,0,5,,21497,11,,,0,5,,21498,11,,,0,5,,21499,11,,,0,5,,21500,11,,,0,5,,21501,11,,,0,5,,21502,11,,,0,5,,21503,11,,,0,4,,21504,11,,,0,5,,21505,11,,,0,5,,21506,11,,,0,5,,21579,11,,,0,45,,21507,11,,,0,4,,21508,11,,,0,5,,21509,11,,,0,5,,21510,11,,,0,5,,21511,11,,,0,5,,21512,11,,,0,4,,21513,11,,,0,4,,21576,11,,,0,11,,21514,11,,,0,6,,21515,11,,,0,50,,21516,11,,,0,5,,21577,11,,,0,5,,21517,11,,,0,5,,21537,11,,,0,5,,21518,11,,,0,12,,21519,11,,,0,8,,21520,11,,,0,10,,21522,11,,,0,50,,21523,11,,,0,10,,21524,11,,,0,10,,21521,11,,,0,10,,21525,11,,,0,10,,21526,11,,,0,10,,21527,11,,,0,50,,21528,11,,,0,10,,21529,11,,,0,11,,21530,11,,,0,14,,21541,11,,,0,8,,21558,11,,,0,8,,21540,11,,,0,7,,21559,11,,,0,47,,21542,11,,,0,15,,21543,11,,,0,15,,21544,11,,,0,15,,21545,11,,,0,55,,21546,11,,,0,15,,21547,11,,,0,15,,21548,11,,,0,15,,21549,11,,,0,55,,21551,11,,,0,15,,21552,11,,,0,15,,21553,11,,,0,15,,21550,11,,,0,55,,21554,11,,,0,15,,21555,11,,,0,15,,21556,11,,,0,15,,21557,11,,,0,55,,21536,11,,,0
20101,'pT6Sep05-Saturday-00',521,,21595,11,,,0,10,,21605,11,,,0,10,,21614,11,,,0,10,,21625,11,,,0,50,,21633,11,,,0,10,,21643,11,,,0,10,,21654,11,,,0,10,,21662,11,,,0,10,,21672,11,,,0,10,,21682,11,,,0,50,,21692,11,,,0,10,,21702,11,,,0,10,,21711,11,,,0,10,,21596,11,,,0,10,,21606,11,,,0,10,,21615,11,,,0,50,,21626,11,,,0,10,,21634,11,,,0,10,,21644,11,,,0,10,,21652,11,,,0,10,,21663,11,,,0,10,,21673,11,,,0,50,,21683,11,,,0,10,,21693,11,,,0,10,,21703,11,,,0,10,,21712,11,,,0,10,,21597,11,,,0,10,,21607,11,,,0,50,,21616,11,,,0,10,,21627,11,,,0,10,,21635,11,,,0,10,,21645,11,,,0,10,,21655,11,,,0,10,,21664,11,,,0,50,,21674,11,,,0,10,,21684,11,,,0,10,,21694,11,,,0,10,,21704,11,,,0,10,,21713,11,,,0,10,,21598,11,,,0,50,,21608,11,,,0,10,,21617,11,,,0,10,,21628,11,,,0,10,,21636,11,,,0,10,,21646,11,,,0,10,,21656,11,,,0,50,,21665,11,,,0,10,,21675,11,,,0,10,,21685,11,,,0,10,,21695,11,,,0,10,,21705,11,,,0,10,,21714,11,,,0,50,,21599,11,,,0,10,,21609,11,,,0,10,,21619,11,,,0,10,,21629,11,,,0,10,,21637,11,,,0,10,,21647,11,,,0,50,,21657,11,,,0,10,,21666,11,,,0,10,,21676,11,,,0,10,,21686,11,,,0,10,,21696,11,,,0,10,,21706,11,,,0,50,,21716,11,,,0,10,,21600,11,,,0,10,,21610,11,,,0,10,,21620,11,,,0,10,,21630,11,,,0,10,,21638,11,,,0,50,,21648,11,,,0,10,,21658,11,,,0,10,,21667,11,,,0,10,,21677,11,,,0,10,,21687,11,,,0,10,,21697,11,,,0,50,,21707,11,,,0,10,,21715,11,,,0,10,,21601,11,,,0,10,,21611,11,,,0,10,,21621,11,,,0,10,,21631,11,,,0,50,,21639,11,,,0,10,,21649,11,,,0,10,,21659,11,,,0,10,,21668,11,,,0,10,,21678,11,,,0,10,,21689,11,,,0,50,,21698,11,,,0,10,,21708,11,,,0,10,,21717,11,,,0,10,,21602,11,,,0,10,,21618,11,,,0,10,,21622,11,,,0,50,,21632,11,,,0,10,,21640,11,,,0,10,,21650,11,,,0,10,,21660,11,,,0,10,,21669,11,,,0,10,,21679,11,,,0,50,,21688,11,,,0,15,,21700,11,,,0,15,,21709,11,,,0,7,,21718,11,,,0,8,,21603,11,,,0,55,,21612,11,,,0,15,,21623,11,,,0,15,,21641,11,,,0,15,,21651,11,,,0,55,,21670,11,,,0,15,,21680,11,,,0,15,,21690,11,,,0,15,,21701,11,,,0,55,,21710,11,,,0,15,,21604,11,,,0,15,,21613,11,,,0,15,,21624,11,,,0,55,,21642,11,,,0
20101,'pT7Sep06-Sunday-00',521,,21719,11,,,0,10,,21729,11,,,0,10,,21739,11,,,0,10,,21749,11,,,0,50,,21757,11,,,0,10,,21767,11,,,0,10,,21778,11,,,0,10,,21786,11,,,0,10,,21796,11,,,0,10,,21806,11,,,0,50,,21816,11,,,0,10,,21826,11,,,0,10,,21835,11,,,0,10,,21720,11,,,0,10,,21730,11,,,0,10,,21740,11,,,0,50,,21750,11,,,0,10,,21759,11,,,0,10,,21768,11,,,0,10,,21777,11,,,0,10,,21787,11,,,0,10,,21797,11,,,0,50,,21807,11,,,0,10,,21817,11,,,0,10,,21827,11,,,0,10,,21836,11,,,0,10,,21721,11,,,0,10,,21731,11,,,0,50,,21741,11,,,0,10,,21751,11,,,0,10,,21758,11,,,0,10,,21769,11,,,0,10,,21779,11,,,0,10,,21788,11,,,0,50,,21798,11,,,0,10,,21809,11,,,0,10,,21818,11,,,0,10,,21828,11,,,0,10,,21837,11,,,0,10,,21722,11,,,0,50,,21732,11,,,0,10,,21742,11,,,0,10,,21752,11,,,0,10,,21760,11,,,0,10,,21770,11,,,0,10,,21780,11,,,0,50,,21789,11,,,0,10,,21799,11,,,0,10,,21808,11,,,0,10,,21819,11,,,0,10,,21829,11,,,0,10,,21838,11,,,0,50,,21723,11,,,0,10,,21733,11,,,0,10,,21743,11,,,0,10,,21753,11,,,0,10,,21761,11,,,0,10,,21771,11,,,0,50,,21781,11,,,0,10,,21790,11,,,0,10,,21800,11,,,0,10,,21810,11,,,0,10,,21820,11,,,0,10,,21830,11,,,0,50,,21839,11,,,0,10,,21724,11,,,0,10,,21734,11,,,0,10,,21744,11,,,0,10,,21754,11,,,0,10,,21762,11,,,0,50,,21772,11,,,0,10,,21782,11,,,0,10,,21791,11,,,0,10,,21801,11,,,0,10,,21811,11,,,0,10,,21821,11,,,0,50,,21831,11,,,0,10,,21840,11,,,0,10,,21726,11,,,0,10,,21735,11,,,0,10,,21745,11,,,0,10,,21755,11,,,0,50,,21763,11,,,0,10,,21773,11,,,0,10,,21783,11,,,0,10,,21792,11,,,0,10,,21802,11,,,0,10,,21813,11,,,0,50,,21822,11,,,0,10,,21832,11,,,0,10,,21841,11,,,0,10,,21725,11,,,0,10,,21736,11,,,0,10,,21746,11,,,0,50,,21756,11,,,0,10,,21764,11,,,0,10,,21774,11,,,0,10,,21784,11,,,0,10,,21794,11,,,0,10,,21803,11,,,0,50,,21812,11,,,0,15,,21823,11,,,0,15,,21833,11,,,0,7,,21842,11,,,0,8,,21727,11,,,0,55,,21737,11,,,0,15,,21747,11,,,0,15,,21765,11,,,0,15,,21775,11,,,0,55,,21793,11,,,0,15,,21804,11,,,0,15,,21814,11,,,0,15,,21824,11,,,0,55,,21834,11,,,0,15,,21728,11,,,0,15,,21738,11,,,0,15,,21748,11,,,0,55,,21766,11,,,0
20200,'Saturday-00',528,,19627,9,,,0,10,,19637,9,,,0,10,,19649,9,,,0,10,,19659,9,,,0,50,,19672,9,,,0,10,,19684,9,,,0,10,,19694,9,,,0,10,,19706,9,,,0,10,,19718,9,,,0,10,,19728,9,,,0,50,,19740,9,,,0,10,,19628,9,,,0,10,,19638,9,,,0,10,,19650,9,,,0,10,,19660,9,,,0,10,,19673,9,,,0,50,,19685,9,,,0,10,,19695,9,,,0,10,,19707,9,,,0,10,,19719,9,,,0,10,,19729,9,,,0,10,,19741,9,,,0,50,,19629,9,,,0,10,,19639,9,,,0,10,,19651,9,,,0,10,,19661,9,,,0,10,,19674,9,,,0,10,,19686,9,,,0,50,,19696,9,,,0,10,,19708,9,,,0,10,,19720,9,,,0,10,,19730,9,,,0,10,,19742,9,,,0,10,,19630,9,,,0,50,,19640,9,,,0,10,,19652,9,,,0,10,,19662,9,,,0,10,,19675,9,,,0,10,,19687,9,,,0,10,,19697,9,,,0,50,,19709,9,,,0,10,,19721,9,,,0,10,,19731,9,,,0,10,,19743,9,,,0,10,,19631,9,,,0,10,,19641,9,,,0,50,,19653,9,,,0,10,,19663,9,,,0,10,,19676,9,,,0,10,,19688,9,,,0,10,,19698,9,,,0,10,,19710,9,,,0,50,,19722,9,,,0,10,,19732,9,,,0,10,,19744,9,,,0,10,,19632,9,,,0,10,,19642,9,,,0,10,,19654,9,,,0,50,,19665,9,,,0,10,,19677,9,,,0,10,,19689,9,,,0,10,,19699,9,,,0,10,,19711,9,,,0,10,,19723,9,,,0,50,,19733,9,,,0,10,,19745,9,,,0,10,,19633,9,,,0,10,,19643,9,,,0,10,,19655,9,,,0,10,,19664,9,,,0,50,,19678,9,,,0,10,,19690,9,,,0,10,,19700,9,,,0,10,,19712,9,,,0,10,,19724,9,,,0,10,,19734,9,,,0,50,,19746,9,,,0,10,,19634,9,,,0,10,,19644,9,,,0,10,,19656,9,,,0,10,,19666,9,,,0,10,,19679,9,,,0,50,,19691,9,,,0,10,,19701,9,,,0,10,,19713,9,,,0,10,,19725,9,,,0,10,,19736,9,,,0,10,,19747,9,,,0,50,,19635,9,,,0,10,,19645,9,,,0,10,,19657,9,,,0,10,,19667,9,,,0,10,,19680,9,,,0,10,,19692,9,,,0,50,,19702,9,,,0,10,,19714,9,,,0,10,,19726,9,,,0,10,,19735,9,,,0,10,,19748,9,,,0,10,,19636,9,,,0,48,,19646,9,,,0,15,,19668,9,,,0,15,,19681,9,,,0,15,,19703,9,,,0,55,,19715,9,,,0,15,,19737,9,,,0,15,,19749,9,,,0,15,,19647,9,,,0,55,,19669,9,,,0,15,,19682,9,,,0,15,,19704,9,,,0,15,,19716,9,,,0,55,,19738,9,,,0,15,,19750,9,,,0,15,,19648,9,,,0,15,,19670,9,,,0
20200,'Sunday-00',528,,19751,9,,,0,10,,19761,9,,,0,10,,19773,9,,,0,10,,19782,9,,,0,50,,19796,9,,,0,10,,19808,9,,,0,10,,19819,9,,,0,10,,19830,9,,,0,10,,19842,9,,,0,10,,19852,9,,,0,50,,19864,9,,,0,10,,19753,9,,,0,10,,19762,9,,,0,10,,19774,9,,,0,10,,19786,9,,,0,10,,19797,9,,,0,50,,19809,9,,,0,10,,19818,9,,,0,10,,19831,9,,,0,10,,19843,9,,,0,10,,19853,9,,,0,10,,19865,9,,,0,50,,19752,9,,,0,10,,19763,9,,,0,10,,19775,9,,,0,10,,19783,9,,,0,10,,19798,9,,,0,10,,19810,9,,,0,50,,19820,9,,,0,10,,19832,9,,,0,10,,19844,9,,,0,10,,19854,9,,,0,10,,19866,9,,,0,10,,19754,9,,,0,50,,19764,9,,,0,10,,19776,9,,,0,10,,19784,9,,,0,10,,19799,9,,,0,10,,19811,9,,,0,10,,19821,9,,,0,50,,19833,9,,,0,10,,19845,9,,,0,10,,19856,9,,,0,10,,19867,9,,,0,10,,19755,9,,,0,10,,19765,9,,,0,50,,19777,9,,,0,10,,19787,9,,,0,10,,19800,9,,,0,10,,19812,9,,,0,10,,19822,9,,,0,10,,19834,9,,,0,50,,19846,9,,,0,10,,19855,9,,,0,10,,19868,9,,,0,10,,19756,9,,,0,10,,19766,9,,,0,10,,19778,9,,,0,50,,19788,9,,,0,10,,19801,9,,,0,10,,19813,9,,,0,10,,19823,9,,,0,10,,19835,9,,,0,10,,19847,9,,,0,50,,19857,9,,,0,10,,19869,9,,,0,10,,19757,9,,,0,10,,19767,9,,,0,10,,19779,9,,,0,10,,19789,9,,,0,50,,19802,9,,,0,10,,19814,9,,,0,10,,19824,9,,,0,10,,19836,9,,,0,10,,19848,9,,,0,10,,19858,9,,,0,50,,19870,9,,,0,10,,19758,9,,,0,10,,19768,9,,,0,10,,19780,9,,,0,10,,19790,9,,,0,10,,19803,9,,,0,50,,19815,9,,,0,10,,19825,9,,,0,10,,19837,9,,,0,10,,19849,9,,,0,10,,19859,9,,,0,10,,19871,9,,,0,50,,19759,9,,,0,10,,19769,9,,,0,10,,19785,9,,,0,10,,19791,9,,,0,10,,19804,9,,,0,10,,19816,9,,,0,50,,19826,9,,,0,10,,19838,9,,,0,10,,19850,9,,,0,10,,19860,9,,,0,10,,19872,9,,,0,10,,19760,9,,,0,48,,19770,9,,,0,15,,19792,9,,,0,15,,19805,9,,,0,15,,19827,9,,,0,55,,19839,9,,,0,15,,19861,9,,,0,15,,19873,9,,,0,15,,19771,9,,,0,55,,19793,9,,,0,15,,19806,9,,,0,15,,19828,9,,,0,15,,19840,9,,,0,55,,19862,9,,,0,15,,19874,9,,,0,15,,19772,9,,,0,15,,19794,9,,,0
20200,'Weekday-00',448,,19875,9,,,0,52,,19876,9,,,0,9,,19877,9,,,0,11,,19878,9,,,0,10,,19879,9,,,0,10,,19880,9,,,0,10,,19881,9,,,0,50,,19882,9,,,0,9,,19883,9,,,0,10,,19884,9,,,0,5,,19885,9,,,0,5,,19886,9,,,0,5,,19887,9,,,0,5,,19888,9,,,0,5,,19889,9,,,0,5,,19890,9,,,0,5,,19891,9,,,0,5,,19892,9,,,0,45,,19893,9,,,0,5,,19894,9,,,0,5,,19895,9,,,0,5,,19897,9,,,0,5,,19898,9,,,0,5,,19899,9,,,0,5,,19896,9,,,0,5,,19900,9,,,0,5,,19902,9,,,0,5,,19903,9,,,0,5,,19904,9,,,0,5,,19901,9,,,0,45,,19905,9,,,0,5,,19906,9,,,0,5,,19908,9,,,0,5,,19909,9,,,0,5,,19910,9,,,0,5,,19907,9,,,0,5,,19911,9,,,0,5,,19912,9,,,0,5,,19915,9,,,0,5,,19916,9,,,0,5,,19913,9,,,0,46,,19914,9,,,0,5,,19917,9,,,0,5,,19918,9,,,0,5,,19919,9,,,0,5,,19920,9,,,0,5,,20031,9,,,0,5,,19921,9,,,0,5,,20032,9,,,0,5,,19922,9,,,0,5,,20029,9,,,0,5,,19923,9,,,0,50,,19924,9,,,0,10,,19925,9,,,0,10,,19926,9,,,0,10,,19927,9,,,0,6,,19928,9,,,0,10,,19929,9,,,0,10,,19930,9,,,0,50,,19931,9,,,0,10,,19932,9,,,0,10,,19933,9,,,0,10,,19934,9,,,0,10,,19935,9,,,0,10,,19936,9,,,0,50,,19937,9,,,0,10,,19938,9,,,0,10,,19939,9,,,0,10,,19940,9,,,0,10,,19941,9,,,0,10,,19942,9,,,0,50,,19943,9,,,0,10,,19944,9,,,0,10,,19945,9,,,0,10,,19946,9,,,0,10,,19947,9,,,0,10,,19948,9,,,0,50,,19949,9,,,0,10,,19950,9,,,0,12,,19951,9,,,0,8,,19952,9,,,0,13,,19953,9,,,0,10,,19954,9,,,0,50,,19955,9,,,0,5,,19956,9,,,0,5,,19957,9,,,0,5,,19958,9,,,0,5,,19959,9,,,0,5,,19960,9,,,0,5,,19961,9,,,0,4,,19962,9,,,0,6,,19963,9,,,0,5,,19964,9,,,0,5,,19965,9,,,0,45,,19966,9,,,0,5,,19967,9,,,0,5,,19968,9,,,0,5,,19969,9,,,0,5,,19970,9,,,0,5,,19971,9,,,0,5,,19973,9,,,0,5,,19974,9,,,0,5,,19975,9,,,0,5,,19972,9,,,0,5,,19977,9,,,0,5,,19978,9,,,0,45,,19979,9,,,0,5,,19976,9,,,0,5,,19980,9,,,0,5,,19981,9,,,0,5,,19983,9,,,0,5,,19984,9,,,0,5,,19985,9,,,0,5,,19982,9,,,0,4,,19986,9,,,0,5,,19987,9,,,0,5,,19990,9,,,0,5,,19991,9,,,0,44,,19988,9,,,0,5,,19989,9,,,0,5,,19992,9,,,0,5,,19993,9,,,0,5,,20028,9,,,0,5,,19994,9,,,0,4,,20030,9,,,0,4,,20024,9,,,0,3,,19995,9,,,0,4,,20025,9,,,0,5,,19996,9,,,0,5,,20026,9,,,0,5,,19997,9,,,0,45,,20027,9,,,0,5,,19998,9,,,0,10,,19999,9,,,0,10,,20000,9,,,0,10,,20001,9,,,0,10,,20002,9,,,0,10,,20003,9,,,0,50,,20004,9,,,0,10,,20005,9,,,0,10,,20006,9,,,0,10,,20007,9,,,0,10,,20008,9,,,0,10,,20009,9,,,0,49,,20010,9,,,0,12,,20039,9,,,0,14,,20040,9,,,0,8,,20038,9,,,0,8,,20041,9,,,0,54,,20042,9,,,0,15,,20043,9,,,0,15,,20044,9,,,0,15,,20046,9,,,0,55,,20047,9,,,0,15,,20048,9,,,0,15,,20045,9,,,0,15,,20049,9,,,0,55,,20050,9,,,0,15,,20051,9,,,0,15,,20052,9,,,0,15,,20053,9,,,0,55,,20054,9,,,0,15,,20055,9,,,0,15,,20056,9,,,0,20,,20011,9,,,0
20200,'LR3Sep30-Saturday-01',448,,20057,9,,,0,11,,20065,9,,,0,50,,20077,9,,,0,10,,20090,9,,,0,10,,20103,9,,,0,10,,20183,9,,,0,10,,20122,9,,,0,51,,20187,9,,,0,10,,20147,9,,,0,9,,20160,9,,,0,10,,20167,9,,,0,7,,20058,9,,,0,7,,20066,9,,,0,7,,20178,9,,,0,7,,20078,9,,,0,47,,20091,9,,,0,7,,20180,9,,,0,7,,20104,9,,,0,7,,20112,9,,,0,7,,20184,9,,,0,7,,20123,9,,,0,7,,20135,9,,,0,7,,20188,9,,,0,47,,20148,9,,,0,7,,20161,9,,,0,7,,20191,9,,,0,7,,20168,9,,,0,7,,20059,9,,,0,7,,20067,9,,,0,7,,20179,9,,,0,7,,20079,9,,,0,7,,20092,9,,,0,47,,20181,9,,,0,7,,20105,9,,,0,7,,20113,9,,,0,6,,20185,9,,,0,7,,20124,9,,,0,6,,20136,9,,,0,8,,20189,9,,,0,6,,20149,9,,,0,6,,20162,9,,,0,47,,20192,9,,,0,9,,20169,9,,,0,8,,20060,9,,,0,10,,20068,9,,,0,6,,20080,9,,,0,10,,20093,9,,,0,10,,20106,9,,,0,50,,20114,9,,,0,10,,20125,9,,,0,10,,20137,9,,,0,10,,20150,9,,,0,10,,20163,9,,,0,10,,20170,9,,,0,50,,20061,9,,,0,10,,20069,9,,,0,10,,20081,9,,,0,10,,20094,9,,,0,10,,20107,9,,,0,10,,20115,9,,,0,50,,20126,9,,,0,10,,20138,9,,,0,10,,20151,9,,,0,10,,20164,9,,,0,10,,20171,9,,,0,10,,20062,9,,,0,50,,20070,9,,,0,10,,20082,9,,,0,12,,20095,9,,,0,8,,20108,9,,,0,13,,20116,9,,,0,10,,20127,9,,,0,49,,20139,9,,,0,9,,20152,9,,,0,7,,20165,9,,,0,8,,20193,9,,,0,7,,20172,9,,,0,7,,20197,9,,,0,7,,20063,9,,,0,6,,20071,9,,,0,47,,20083,9,,,0,7,,20096,9,,,0,7,,20202,9,,,0,7,,20109,9,,,0,7,,20117,9,,,0,7,,20205,9,,,0,7,,20128,9,,,0,7,,20140,9,,,0,47,,20208,9,,,0,7,,20153,9,,,0,7,,20166,9,,,0,7,,20194,9,,,0,7,,20173,9,,,0,7,,20198,9,,,0,6,,20064,9,,,0,7,,20072,9,,,0,6,,20084,9,,,0,47,,20097,9,,,0,6,,20203,9,,,0,6,,20110,9,,,0,6,,20118,9,,,0,7,,20206,9,,,0,4,,20129,9,,,0,7,,20141,9,,,0,6,,20209,9,,,0,7,,20154,9,,,0,7,,20195,9,,,0,47,,20174,9,,,0,11,,20199,9,,,0,10,,20073,9,,,0,11,,20085,9,,,0,9,,20098,9,,,0,10,,20119,9,,,0,50,,20130,9,,,0,10,,20142,9,,,0,10,,20155,9,,,0,10,,20196,9,,,0,10,,20175,9,,,0,10,,20200,9,,,0,50,,20074,9,,,0,11,,20086,9,,,0,11,,20099,9,,,0,11,,20120,9,,,0,8,,20131,9,,,0,54,,20143,9,,,0,15,,20156,9,,,0,15,,20176,9,,,0,15,,20075,9,,,0,55,,20087,9,,,0,15,,20100,9,,,0,15,,20132,9,,,0,15,,20144,9,,,0,55,,20157,9,,,0,15,,20177,9,,,0,15,,20076,9,,,0,15,,20088,9,,,0,55,,20101,9,,,0,15,,20133,9,,,0,15,,20145,9,,,0,20,,20158,9,,,0
20200,'pT1Sep07-Sunday-00',433,,21843,9,0,18 19,0,10,,21865,9,0,18 19,0,10,,21887,9,0,18 19,0,50,,21909,9,0,18 19,0,10,,21931,9,0,18 19,0,10,,21952,9,0,18 19,0,10,,21844,9,0,18 19,0,10,,21866,9,0,18 19,0,10,,21888,9,0,18 19,0,50,,21910,9,0,18 19,0,10,,21932,9,0,18 19,0,10,,21953,9,0,18 19,0,10,,21845,9,0,18 19,0,10,,21867,9,0,18 19,0,10,,21889,9,0,18 19,0,50,,21911,9,0,18 19,0,10,,21933,9,0,18 19,0,10,,21954,9,0,18 19,0,10,,21846,9,0,18 19,0,10,,21868,9,0,18 19,0,10,,21890,9,0,18 19,0,50,,21912,9,0,18 19,0,10,,21934,9,0,18 19,0,10,,21955,9,0,18 19,0,10,,21847,9,0,18 19,0,10,,21869,9,0,18 19,0,10,,21891,9,0,18 19,0,50,,21913,9,0,18 19,0,10,,21935,9,0,18 19,0,10,,21956,9,0,18 19,0,10,,21848,9,0,18 19,0,10,,21870,9,0,18 19,0,10,,21892,9,0,18 19,0,50,,21914,9,0,18 19,0,10,,21936,9,0,18 19,0,10,,21957,9,0,18 19,0,10,,21849,9,0,18 19,0,10,,21871,9,0,18 19,0,10,,21893,9,0,18 19,0,50,,21915,9,0,18 19,0,10,,21937,9,0,18 19,0,10,,21958,9,0,18 19,0,10,,21850,9,0,18 19,0,10,,21872,9,0,18 19,0,10,,21894,9,0,18 19,0,50,,21916,9,0,18 19,0,10,,21938,9,0,18 19,0,10,,21959,9,0,18 19,0,10,,21851,9,0,18 19,0,10,,21873,9,0,18 19,0,10,,21895,9,0,18 19,0,50,,21917,9,0,18 19,0,10,,21939,9,0,18 19,0,10,,21960,9,0,18 19,0,10,,21852,9,0,18 19,0,10,,21874,9,0,18 19,0,10,,21896,9,0,18 19,0,50,,21918,9,0,18 19,0,10,,21940,9,0,18 19,0,10,,21961,9,0,18 19,0,10,,21853,9,0,18 19,0,10,,21875,9,0,18 19,0,10,,21897,9,0,18 19,0,50,,21919,9,0,18 19,0,10,,21941,9,0,18 19,0,10,,21962,9,0,18 19,0,10,,21854,9,0,18 19,0,10,,21876,9,0,18 19,0,10,,21898,9,0,18 19,0,50,,21920,9,0,18 19,0,10,,21942,9,0,18 19,0,10,,21963,9,0,18 19,0,10,,21855,9,0,18 19,0,10,,21877,9,0,18 19,0,10,,21899,9,0,18 19,0,50,,21921,9,0,18 19,0,10,,21943,9,0,18 19,0,10,,21964,9,0,18 19,0,10,,21856,9,0,18 19,0,10,,21878,9,0,18 19,0,10,,21900,9,0,18 19,0,50,,21922,9,0,18 19,0,10,,21944,9,0,18 19,0,10,,21965,9,0,18 19,0,10,,21857,9,0,18 19,0,10,,21879,9,0,18 19,0,10,,21901,9,0,18 19,0,50,,21923,9,0,18 19,0,10,,21945,9,0,18 19,0,10,,21966,9,0,18 19,0,10,,21858,9,0,18 19,0,10,,21880,9,0,18 19,0,10,,21902,9,0,18 19,0,50,,21924,9,0,18 19,0,10,,21946,9,0,18 19,0,10,,21967,9,0,18 19,0,10,,21859,9,0,18 19,0,10,,21881,9,0,18 19,0,10,,21903,9,0,18 19,0,50,,21925,9,0,18 19,0,10,,21947,9,0,18 19,0,10,,21968,9,0,18 19,0,10,,21860,9,0,18 19,0,10,,21882,9,0,18 19,0,9,,21904,9,0,18 19,0,51,,21926,9,0,18 19,0,10,,21948,9,0,18 19,0,9,,21969,9,0,18 19,0,11,,21861,9,0,18 19,0,10,,21883,9,0,18 19,0,9,,21905,9,0,18 19,0,51,,21927,9,0,18 19,0,10,,21950,9,0,18 19,0,9,,21970,9,0,18 19,0,11,,21862,9,0,18 19,0,10,,21884,9,0,18 19,0,9,,21906,9,0,18 19,0,51,,21928,9,0,18 19,0,9,,21949,9,0,18 19,0,10,,21971,9,0,18 19,0,11,,21863,9,0,18 19,0,9,,21885,9,0,18 19,0,11,,21907,9,0,18 19,0,50,,21929,9,0,18 19,0,8,,21951,9,0,18 19,0,11,,21972,9,0,18 19,0,11,,21864,9,0,18 19,0,8,,21886,9,0,18 19,0,12,,21908,9,0,18 19,0,50,,21930,9,0,18 19,0
20200,'pT5Sep04-Weekday-00',448,,22106,9,,,0,52,,22107,9,,,0,9,,22108,9,,,0,11,,22109,9,,,0,10,,22111,9,,,0,10,,22112,9,,,0,10,,22113,9,,,0,50,,22110,9,,,0,9,,22114,9,,,0,10,,22115,9,,,0,5,,22116,9,,,0,5,,22117,9,,,0,5,,22118,9,,,0,5,,22119,9,,,0,5,,22120,9,,,0,5,,22121,9,,,0,5,,22122,9,,,0,5,,22123,9,,,0,45,,22124,9,,,0,5,,22125,9,,,0,5,,22126,9,,,0,5,,22128,9,,,0,5,,22129,9,,,0,5,,22130,9,,,0,5,,22127,9,,,0,5,,22131,9,,,0,5,,22133,9,,,0,5,,22134,9,,,0,5,,22135,9,,,0,5,,22132,9,,,0,45,,22136,9,,,0,5,,22137,9,,,0,5,,22139,9,,,0,5,,22140,9,,,0,5,,22141,9,,,0,5,,22138,9,,,0,5,,22142,9,,,0,5,,22143,9,,,0,5,,22146,9,,,0,5,,22147,9,,,0,5,,22144,9,,,0,46,,22145,9,,,0,5,,22148,9,,,0,5,,22149,9,,,0,5,,22150,9,,,0,5,,22151,9,,,0,5,,22258,9,,,0,5,,22152,9,,,0,5,,22259,9,,,0,5,,22153,9,,,0,5,,22256,9,,,0,5,,22154,9,,,0,50,,22155,9,,,0,10,,22156,9,,,0,10,,22157,9,,,0,10,,22158,9,,,0,6,,22159,9,,,0,10,,22160,9,,,0,10,,22161,9,,,0,50,,22162,9,,,0,10,,22163,9,,,0,10,,22164,9,,,0,10,,22165,9,,,0,10,,22166,9,,,0,10,,22167,9,,,0,50,,22168,9,,,0,10,,22169,9,,,0,10,,22170,9,,,0,10,,22171,9,,,0,10,,22172,9,,,0,10,,22173,9,,,0,50,,22174,9,,,0,10,,22175,9,,,0,10,,22176,9,,,0,10,,22177,9,,,0,10,,22178,9,,,0,10,,22179,9,,,0,50,,22180,9,,,0,10,,22181,9,,,0,12,,22182,9,,,0,8,,22183,9,,,0,13,,22185,9,,,0,10,,22186,9,,,0,50,,22187,9,,,0,5,,22184,9,,,0,5,,22188,9,,,0,5,,22189,9,,,0,5,,22190,9,,,0,5,,22191,9,,,0,5,,22192,9,,,0,4,,22193,9,,,0,6,,22194,9,,,0,5,,22195,9,,,0,5,,22196,9,,,0,45,,22197,9,,,0,5,,22198,9,,,0,5,,22199,9,,,0,5,,22200,9,,,0,5,,22201,9,,,0,5,,22202,9,,,0,5,,22204,9,,,0,5,,22205,9,,,0,5,,22206,9,,,0,5,,22203,9,,,0,5,,22208,9,,,0,5,,22209,9,,,0,45,,22210,9,,,0,5,,22207,9,,,0,5,,22211,9,,,0,5,,22212,9,,,0,5,,22214,9,,,0,5,,22215,9,,,0,5,,22216,9,,,0,5,,22213,9,,,0,4,,22217,9,,,0,5,,22218,9,,,0,5,,22221,9,,,0,5,,22222,9,,,0,44,,22219,9,,,0,5,,22220,9,,,0,5,,22223,9,,,0,5,,22224,9,,,0,5,,22255,9,,,0,5,,22225,9,,,0,4,,22257,9,,,0,7,,22226,9,,,0,9,,22227,9,,,0,10,,22228,9,,,0,50,,22229,9,,,0,10,,22230,9,,,0,10,,22231,9,,,0,10,,22232,9,,,0,10,,22233,9,,,0,10,,22234,9,,,0,50,,22235,9,,,0,10,,22236,9,,,0,10,,22237,9,,,0,10,,22238,9,,,0,10,,22239,9,,,0,10,,22240,9,,,0,49,,22241,9,,,0,12,,22265,9,,,0,14,,22266,9,,,0,16,,22267,9,,,0,54,,22268,9,,,0,15,,22269,9,,,0,15,,22270,9,,,0,15,,22272,9,,,0,55,,22273,9,,,0,15,,22274,9,,,0,15,,22271,9,,,0,15,,22275,9,,,0,55,,22276,9,,,0,15,,22277,9,,,0,15,,22278,9,,,0,15,,22279,9,,,0,55,,22280,9,,,0,15,,22281,9,,,0,15,,22282,9,,,0,20,,22242,9,,,0
20200,'pT6Sep05-Saturday-00',433,,22283,9,0,18 19,0,10,,22305,9,0,18 19,0,10,,22327,9,0,18 19,0,50,,22349,9,0,18 19,0,10,,22371,9,0,18 19,0,10,,22392,9,0,18 19,0,10,,22284,9,0,18 19,0,10,,22306,9,0,18 19,0,10,,22328,9,0,18 19,0,50,,22350,9,0,18 19,0,10,,22372,9,0,18 19,0,10,,22393,9,0,18 19,0,10,,22285,9,0,18 19,0,10,,22307,9,0,18 19,0,10,,22329,9,0,18 19,0,50,,22351,9,0,18 19,0,10,,22373,9,0,18 19,0,10,,22394,9,0,18 19,0,10,,22286,9,0,18 19,0,10,,22308,9,0,18 19,0,10,,22330,9,0,18 19,0,50,,22352,9,0,18 19,0,10,,22374,9,0,18 19,0,10,,22395,9,0,18 19,0,10,,22287,9,0,18 19,0,10,,22309,9,0,18 19,0,10,,22331,9,0,18 19,0,50,,22353,9,0,18 19,0,10,,22375,9,0,18 19,0,10,,22396,9,0,18 19,0,10,,22288,9,0,18 19,0,10,,22310,9,0,18 19,0,10,,22332,9,0,18 19,0,50,,22354,9,0,18 19,0,10,,22376,9,0,18 19,0,10,,22397,9,0,18 19,0,10,,22289,9,0,18 19,0,10,,22311,9,0,18 19,0,10,,22333,9,0,18 19,0,50,,22355,9,0,18 19,0,10,,22377,9,0,18 19,0,10,,22398,9,0,18 19,0,10,,22290,9,0,18 19,0,10,,22312,9,0,18 19,0,10,,22334,9,0,18 19,0,50,,22356,9,0,18 19,0,10,,22378,9,0,18 19,0,10,,22399,9,0,18 19,0,10,,22291,9,0,18 19,0,10,,22313,9,0,18 19,0,10,,22335,9,0,18 19,0,50,,22357,9,0,18 19,0,10,,22379,9,0,18 19,0,10,,22400,9,0,18 19,0,10,,22292,9,0,18 19,0,10,,22314,9,0,18 19,0,10,,22336,9,0,18 19,0,50,,22358,9,0,18 19,0,10,,22380,9,0,18 19,0,10,,22401,9,0,18 19,0,10,,22293,9,0,18 19,0,10,,22315,9,0,18 19,0,10,,22337,9,0,18 19,0,50,,22359,9,0,18 19,0,10,,22381,9,0,18 19,0,10,,22402,9,0,18 19,0,10,,22294,9,0,18 19,0,10,,22316,9,0,18 19,0,10,,22338,9,0,18 19,0,50,,22360,9,0,18 19,0,10,,22382,9,0,18 19,0,10,,22405,9,0,18 19,0,10,,22295,9,0,18 19,0,10,,22317,9,0,18 19,0,10,,22339,9,0,18 19,0,50,,22361,9,0,18 19,0,10,,22383,9,0,18 19,0,10,,22403,9,0,18 19,0,10,,22296,9,0,18 19,0,10,,22318,9,0,18 19,0,10,,22340,9,0,18 19,0,50,,22362,9,0,18 19,0,10,,22384,9,0,18 19,0,10,,22404,9,0,18 19,0,10,,22298,9,0,18 19,0,10,,22319,9,0,18 19,0,10,,22341,9,0,18 19,0,50,,22363,9,0,18 19,0,10,,22385,9,0,18 19,0,10,,22406,9,0,18 19,0,10,,22299,9,0,18 19,0,10,,22320,9,0,18 19,0,10,,22342,9,0,18 19,0,50,,22364,9,0,18 19,0,10,,22387,9,0,18 19,0,10,,22407,9,0,18 19,0,10,,22297,9,0,18 19,0,10,,22321,9,0,18 19,0,10,,22343,9,0,18 19,0,50,,22365,9,0,18 19,0,10,,22388,9,0,18 19,0,10,,22408,9,0,18 19,0,10,,22300,9,0,18 19,0,10,,22322,9,0,18 19,0,9,,22344,9,0,18 19,0,51,,22366,9,0,18 19,0,10,,22386,9,0,18 19,0,9,,22409,9,0,18 19,0,11,,22301,9,0,18 19,0,10,,22323,9,0,18 19,0,9,,22345,9,0,18 19,0,51,,22367,9,0,18 19,0,10,,22389,9,0,18 19,0,9,,22410,9,0,18 19,0,11,,22302,9,0,18 19,0,10,,22324,9,0,18 19,0,9,,22346,9,0,18 19,0,51,,22368,9,0,18 19,0,9,,22390,9,0,18 19,0,10,,22411,9,0,18 19,0,11,,22303,9,0,18 19,0,9,,22325,9,0,18 19,0,11,,22347,9,0,18 19,0,50,,22369,9,0,18 19,0,8,,22391,9,0,18 19,0,11,,22412,9,0,18 19,0,11,,22304,9,0,18 19,0,8,,22326,9,0,18 19,0,12,,22348,9,0,18 19,0,50,,22370,9,0,18 19,0
20200,'pT7Sep06-Sunday-00',433,,22546,9,0,18 19,0,10,,22567,9,0,18 19,0,10,,22588,9,0,18 19,0,50,,22609,9,0,18 19,0,10,,22630,9,0,18 19,0,10,,22650,9,0,18 19,0,10,,22547,9,0,18 19,0,10,,22568,9,0,18 19,0,10,,22589,9,0,18 19,0,50,,22610,9,0,18 19,0,10,,22631,9,0,18 19,0,10,,22651,9,0,18 19,0,10,,22548,9,0,18 19,0,10,,22569,9,0,18 19,0,10,,22590,9,0,18 19,0,50,,22615,9,0,18 19,0,10,,22632,9,0,18 19,0,10,,22652,9,0,18 19,0,10,,22549,9,0,18 19,0,10,,22570,9,0,18 19,0,10,,22591,9,0,18 19,0,50,,22611,9,0,18 19,0,10,,22633,9,0,18 19,0,10,,22653,9,0,18 19,0,10,,22550,9,0,18 19,0,10,,22571,9,0,18 19,0,10,,22592,9,0,18 19,0,50,,22612,9,0,18 19,0,10,,22634,9,0,18 19,0,10,,22654,9,0,18 19,0,10,,22551,9,0,18 19,0,10,,22573,9,0,18 19,0,10,,22593,9,0,18 19,0,50,,22613,9,0,18 19,0,10,,22635,9,0,18 19,0,10,,22655,9,0,18 19,0,10,,22552,9,0,18 19,0,10,,22572,9,0,18 19,0,10,,22594,9,0,18 19,0,50,,22614,9,0,18 19,0,10,,22636,9,0,18 19,0,10,,22656,9,0,18 19,0,10,,22553,9,0,18 19,0,10,,22574,9,0,18 19,0,10,,22595,9,0,18 19,0,50,,22616,9,0,18 19,0,10,,22637,9,0,18 19,0,10,,22657,9,0,18 19,0,10,,22554,9,0,18 19,0,10,,22575,9,0,18 19,0,10,,22596,9,0,18 19,0,50,,22617,9,0,18 19,0,10,,22638,9,0,18 19,0,10,,22658,9,0,18 19,0,10,,22555,9,0,18 19,0,10,,22576,9,0,18 19,0,10,,22597,9,0,18 19,0,50,,22618,9,0,18 19,0,10,,22639,9,0,18 19,0,10,,22659,9,0,18 19,0,10,,22556,9,0,18 19,0,10,,22577,9,0,18 19,0,10,,22598,9,0,18 19,0,50,,22619,9,0,18 19,0,10,,22640,9,0,18 19,0,10,,22660,9,0,18 19,0,10,,22557,9,0,18 19,0,10,,22578,9,0,18 19,0,10,,22599,9,0,18 19,0,50,,22620,9,0,18 19,0,10,,22641,9,0,18 19,0,10,,22661,9,0,18 19,0,10,,22558,9,0,18 19,0,10,,22579,9,0,18 19,0,10,,22600,9,0,18 19,0,50,,22621,9,0,18 19,0,10,,22642,9,0,18 19,0,10,,22662,9,0,18 19,0,10,,22559,9,0,18 19,0,10,,22580,9,0,18 19,0,10,,22601,9,0,18 19,0,50,,22622,9,0,18 19,0,10,,22643,9,0,18 19,0,10,,22663,9,0,18 19,0,10,,22560,9,0,18 19,0,10,,22581,9,0,18 19,0,10,,22602,9,0,18 19,0,50,,22623,9,0,18 19,0,10,,22644,9,0,18 19,0,10,,22664,9,0,18 19,0,10,,22561,9,0,18 19,0,10,,22582,9,0,18 19,0,10,,22603,9,0,18 19,0,50,,22624,9,0,18 19,0,10,,22645,9,0,18 19,0,10,,22665,9,0,18 19,0,10,,22562,9,0,18 19,0,10,,22583,9,0,18 19,0,10,,22604,9,0,18 19,0,50,,22625,9,0,18 19,0,10,,22646,9,0,18 19,0,10,,22666,9,0,18 19,0,10,,22563,9,0,18 19,0,10,,22584,9,0,18 19,0,9,,22605,9,0,18 19,0,51,,22626,9,0,18 19,0,10,,22647,9,0,18 19,0,9,,22667,9,0,18 19,0,11,,22564,9,0,18 19,0,10,,22585,9,0,18 19,0,9,,22606,9,0,18 19,0,51,,22627,9,0,18 19,0,10,,22648,9,0,18 19,0,9,,22668,9,0,18 19,0,11,,22565,9,0,18 19,0,10,,22586,9,0,18 19,0,9,,22607,9,0,18 19,0,51,,22628,9,0,18 19,0,9,,22649,9,0,18 19,0,10,,22669,9,0,18 19,0,11,,22566,9,0,18 19,0,9,,22587,9,0,18 19,0,11,,22608,9,0,18 19,0,50,,22629,9,0,18 19,0,8,,22807,9,0,18 19,0,11,,22808,9,0,18 19,0,11,,22803,9,0,18 19,0,8,,22804,9,0,18 19,0,12,,22805,9,0,18 19,0,50,,22806,9,0,18 19,0
