20101,'Saturday-00',525,,19014,13,,,0,10,,19024,13,,,0,10,,19033,13,,,0,10,,19044,13,,,0,50,,19052,13,,,0,10,,19062,13,,,0,10,,19072,13,,,0,10,,19081,13,,,0,10,,19091,13,,,0,10,,19101,13,,,0,50,,19111,13,,,0,10,,19121,13,,,0,10,,19130,13,,,0,10,,19015,13,,,0,10,,19025,13,,,0,10,,19034,13,,,0,50,,19045,13,,,0,10,,19053,13,,,0,10,,19063,13,,,0,10,,19073,13,,,0,10,,19082,13,,,0,10,,19092,13,,,0,50,,19102,13,,,0,10,,19112,13,,,0,10,,19122,13,,,0,10,,19131,13,,,0,10,,19016,13,,,0,10,,19026,13,,,0,50,,19035,13,,,0,10,,19046,13,,,0,10,,19054,13,,,0,10,,19064,13,,,0,10,,19074,13,,,0,10,,19083,13,,,0,50,,19093,13,,,0,10,,19103,13,,,0,10,,19113,13,,,0,10,,19123,13,,,0,10,,19132,13,,,0,10,,19017,13,,,0,50,,19027,13,,,0,10,,19036,13,,,0,10,,19047,13,,,0,10,,19055,13,,,0,10,,19065,13,,,0,10,,19075,13,,,0,50,,19084,13,,,0,10,,19094,13,,,0,10,,19104,13,,,0,10,,19114,13,,,0,10,,19124,13,,,0,10,,19133,13,,,0,50,,19018,13,,,0,10,,19028,13,,,0,10,,19038,13,,,0,10,,19048,13,,,0,10,,19056,13,,,0,10,,19066,13,,,0,50,,19076,13,,,0,10,,19085,13,,,0,10,,19095,13,,,0,10,,19105,13,,,0,10,,19115,13,,,0,10,,19125,13,,,0,50,,19134,13,,,0,10,,19019,13,,,0,10,,19029,13,,,0,10,,19039,13,,,0,10,,19049,13,,,0,10,,19057,13,,,0,50,,19067,13,,,0,10,,19077,13,,,0,10,,19086,13,,,0,10,,19096,13,,,0,10,,19106,13,,,0,10,,19116,13,,,0,50,,19126,13,,,0,10,,19135,13,,,0,10,,19020,13,,,0,10,,19030,13,,,0,10,,19040,13,,,0,10,,19050,13,,,0,50,,19058,13,,,0,10,,19068,13,,,0,10,,19078,13,,,0,10,,19087,13,,,0,10,,19097,13,,,0,10,,19108,13,,,0,50,,19117,13,,,0,10,,19127,13,,,0,10,,19136,13,,,0,10,,19021,13,,,0,10,,19037,13,,,0,10,,19041,13,,,0,50,,19051,13,,,0,10,,19059,13,,,0,10,,19069,13,,,0,10,,19079,13,,,0,10,,19088,13,,,0,10,,19098,13,,,0,50,,19107,13,,,0,15,,19118,13,,,0,15,,19128,13,,,0,7,,19137,13,,,0,8,,19022,13,,,0,55,,19031,13,,,0,15,,19042,13,,,0,15,,19060,13,,,0,15,,19070,13,,,0,55,,19089,13,,,0,15,,19099,13,,,0,15,,19109,13,,,0,15,,19119,13,,,0,55,,19129,13,,,0,15,,19023,13,,,0,15,,19032,13,,,0,15,,19043,13,,,0,55,,19061,13,,,0
20101,'Sunday-00',525,,19138,13,,,0,10,,19148,13,,,0,10,,19158,13,,,0,10,,19168,13,,,0,50,,19176,13,,,0,10,,19186,13,,,0,10,,19196,13,,,0,10,,19205,13,,,0,10,,19215,13,,,0,10,,19225,13,,,0,50,,19235,13,,,0,10,,19245,13,,,0,10,,19254,13,,,0,10,,19139,13,,,0,10,,19149,13,,,0,10,,19159,13,,,0,50,,19169,13,,,0,10,,19178,13,,,0,10,,19187,13,,,0,10,,19197,13,,,0,10,,19206,13,,,0,10,,19216,13,,,0,50,,19226,13,,,0,10,,19236,13,,,0,10,,19246,13,,,0,10,,19255,13,,,0,10,,19140,13,,,0,10,,19150,13,,,0,50,,19160,13,,,0,10,,19170,13,,,0,10,,19177,13,,,0,10,,19188,13,,,0,10,,19198,13,,,0,10,,19207,13,,,0,50,,19217,13,,,0,10,,19228,13,,,0,10,,19237,13,,,0,10,,19247,13,,,0,10,,19256,13,,,0,10,,19141,13,,,0,50,,19151,13,,,0,10,,19161,13,,,0,10,,19171,13,,,0,10,,19179,13,,,0,10,,19189,13,,,0,10,,19199,13,,,0,50,,19208,13,,,0,10,,19218,13,,,0,10,,19227,13,,,0,10,,19238,13,,,0,10,,19248,13,,,0,10,,19257,13,,,0,50,,19142,13,,,0,10,,19152,13,,,0,10,,19162,13,,,0,10,,19172,13,,,0,10,,19180,13,,,0,10,,19190,13,,,0,50,,19200,13,,,0,10,,19209,13,,,0,10,,19219,13,,,0,10,,19229,13,,,0,10,,19239,13,,,0,10,,19249,13,,,0,50,,19258,13,,,0,10,,19143,13,,,0,10,,19153,13,,,0,10,,19163,13,,,0,10,,19173,13,,,0,10,,19181,13,,,0,50,,19191,13,,,0,10,,19201,13,,,0,10,,19210,13,,,0,10,,19220,13,,,0,10,,19230,13,,,0,10,,19240,13,,,0,50,,19250,13,,,0,10,,19259,13,,,0,10,,19145,13,,,0,10,,19154,13,,,0,10,,19164,13,,,0,10,,19174,13,,,0,50,,19182,13,,,0,10,,19192,13,,,0,10,,19202,13,,,0,10,,19211,13,,,0,10,,19221,13,,,0,10,,19231,13,,,0,50,,19241,13,,,0,10,,19251,13,,,0,10,,19260,13,,,0,10,,19144,13,,,0,10,,19155,13,,,0,10,,19165,13,,,0,50,,19175,13,,,0,10,,19183,13,,,0,10,,19193,13,,,0,10,,19203,13,,,0,10,,19213,13,,,0,10,,19222,13,,,0,50,,19232,13,,,0,15,,19242,13,,,0,15,,19252,13,,,0,7,,19261,13,,,0,8,,19146,13,,,0,55,,19156,13,,,0,15,,19166,13,,,0,15,,19184,13,,,0,15,,19194,13,,,0,55,,19212,13,,,0,15,,19223,13,,,0,15,,19233,13,,,0,15,,19243,13,,,0,55,,19253,13,,,0,15,,19147,13,,,0,15,,19157,13,,,0,15,,19167,13,,,0,55,,19185,13,,,0
20101,'Weekday-00',502,,19262,13,,,0,8,,19263,13,,,0,17,,19426,13,,,0,5,,19265,13,,,0,10,,19266,13,,,0,10,,19267,13,,,0,5,,19404,13,,,0,45,,19264,13,,,0,5,,19405,13,,,0,4,,19268,13,,,0,5,,19269,13,,,0,5,,19430,13,,,0,5,,19272,13,,,0,5,,19428,13,,,0,5,,19273,13,,,0,5,,19270,13,,,0,5,,19271,13,,,0,5,,19274,13,,,0,5,,19275,13,,,0,45,,19276,13,,,0,5,,19277,13,,,0,5,,19278,13,,,0,5,,19279,13,,,0,5,,19280,13,,,0,5,,19281,13,,,0,5,,19282,13,,,0,5,,19283,13,,,0,4,,19284,13,,,0,6,,19285,13,,,0,5,,19286,13,,,0,5,,19287,13,,,0,45,,19288,13,,,0,5,,19289,13,,,0,5,,19290,13,,,0,5,,19292,13,,,0,5,,19293,13,,,0,5,,19294,13,,,0,5,,19291,13,,,0,5,,19295,13,,,0,5,,19296,13,,,0,5,,19297,13,,,0,5,,19298,13,,,0,5,,19299,13,,,0,46,,19300,13,,,0,5,,19301,13,,,0,5,,19302,13,,,0,5,,19303,13,,,0,5,,19304,13,,,0,5,,19305,13,,,0,5,,19306,13,,,0,5,,19436,13,,,0,5,,19307,13,,,0,4,,19435,13,,,0,5,,19308,13,,,0,5,,19437,13,,,0,46,,19309,13,,,0,5,,19438,13,,,0,5,,19310,13,,,0,10,,19311,13,,,0,10,,19313,13,,,0,10,,19314,13,,,0,10,,19315,13,,,0,50,,19312,13,,,0,10,,19316,13,,,0,10,,19317,13,,,0,10,,19318,13,,,0,10,,19319,13,,,0,10,,19320,13,,,0,50,,19321,13,,,0,6,,19322,13,,,0,14,,19323,13,,,0,10,,19324,13,,,0,10,,19325,13,,,0,10,,19326,13,,,0,50,,19327,13,,,0,10,,19329,13,,,0,10,,19330,13,,,0,10,,19331,13,,,0,10,,19328,13,,,0,10,,19332,13,,,0,50,,19333,13,,,0,10,,19334,13,,,0,10,,19335,13,,,0,8,,19336,13,,,0,12,,19337,13,,,0,8,,19338,13,,,0,51,,19340,13,,,0,10,,19341,13,,,0,5,,19429,13,,,0,5,,19342,13,,,0,5,,19339,13,,,0,5,,19343,13,,,0,5,,19344,13,,,0,5,,19347,13,,,0,4,,19348,13,,,0,4,,19444,13,,,0,2,,19345,13,,,0,5,,19346,13,,,0,45,,19349,13,,,0,5,,19350,13,,,0,5,,19351,13,,,0,5,,19352,13,,,0,5,,19353,13,,,0,5,,19354,13,,,0,5,,19355,13,,,0,5,,19356,13,,,0,4,,19357,13,,,0,6,,19358,13,,,0,5,,19359,13,,,0,5,,19360,13,,,0,45,,19361,13,,,0,5,,19362,13,,,0,5,,19363,13,,,0,5,,19364,13,,,0,5,,19365,13,,,0,5,,19366,13,,,0,5,,19367,13,,,0,5,,19368,13,,,0,5,,19369,13,,,0,4,,19370,13,,,0,5,,19371,13,,,0,5,,19372,13,,,0,45,,19445,13,,,0,5,,19373,13,,,0,4,,19374,13,,,0,5,,19375,13,,,0,5,,19376,13,,,0,5,,19377,13,,,0,5,,19378,13,,,0,4,,19379,13,,,0,4,,19442,13,,,0,11,,19380,13,,,0,6,,19381,13,,,0,50,,19382,13,,,0,5,,19443,13,,,0,5,,19383,13,,,0,5,,19403,13,,,0,5,,19384,13,,,0,12,,19385,13,,,0,8,,19386,13,,,0,10,,19388,13,,,0,50,,19389,13,,,0,10,,19390,13,,,0,10,,19387,13,,,0,10,,19391,13,,,0,10,,19392,13,,,0,10,,19393,13,,,0,50,,19394,13,,,0,10,,19395,13,,,0,11,,19396,13,,,0,14,,19407,13,,,0,8,,19424,13,,,0,8,,19406,13,,,0,47,,19425,13,,,0,7,,19408,13,,,0,15,,19409,13,,,0,15,,19410,13,,,0,15,,19411,13,,,0,55,,19412,13,,,0,15,,19413,13,,,0,15,,19414,13,,,0,15,,19415,13,,,0,55,,19416,13,,,0,15,,19417,13,,,0,15,,19418,13,,,0,15,,19419,13,,,0,55,,19420,13,,,0,15,,19421,13,,,0,15,,19422,13,,,0,15,,19423,13,,,0,55,,19402,13,,,0
20101,'LR3Sep30-Saturday-01',501,,19461,13,,,0,10,,19469,13,,,0,10,,19489,13,,,0,10,,19596,13,,,0,10,,19599,13,,,0,7,,19508,13,,,0,7,,19516,13,,,0,46,,19527,13,,,0,8,,19536,13,,,0,8,,19602,13,,,0,8,,19546,13,,,0,6,,19555,13,,,0,7,,19565,13,,,0,7,,19604,13,,,0,7,,19575,13,,,0,7,,19585,13,,,0,47,,19594,13,,,0,7,,19462,13,,,0,7,,19470,13,,,0,7,,19480,13,,,0,7,,19490,13,,,0,7,,19597,13,,,0,7,,19498,13,,,0,7,,19600,13,,,0,47,,19509,13,,,0,7,,19517,13,,,0,7,,19528,13,,,0,7,,19537,13,,,0,7,,19603,13,,,0,7,,19547,13,,,0,7,,19556,13,,,0,7,,19566,13,,,0,7,,19605,13,,,0,46,,19576,13,,,0,7,,19586,13,,,0,7,,19595,13,,,0,6,,19463,13,,,0,7,,19471,13,,,0,11,,19481,13,,,0,9,,19491,13,,,0,5,,19598,13,,,0,46,,19499,13,,,0,7,,19601,13,,,0,4,,19510,13,,,0,9,,19518,13,,,0,9,,19529,13,,,0,11,,19538,13,,,0,10,,19548,13,,,0,50,,19557,13,,,0,10,,19567,13,,,0,10,,19577,13,,,0,10,,19587,13,,,0,10,,19464,13,,,0,10,,19472,13,,,0,50,,19482,13,,,0,10,,19492,13,,,0,10,,19500,13,,,0,10,,19511,13,,,0,10,,19519,13,,,0,10,,19530,13,,,0,50,,19539,13,,,0,10,,19549,13,,,0,10,,19558,13,,,0,10,,19568,13,,,0,10,,19578,13,,,0,10,,19588,13,,,0,50,,19465,13,,,0,10,,19473,13,,,0,10,,19483,13,,,0,8,,19493,13,,,0,12,,19501,13,,,0,8,,19512,13,,,0,7,,19520,13,,,0,48,,19531,13,,,0,9,,19606,13,,,0,9,,19540,13,,,0,7,,19550,13,,,0,4,,19608,13,,,0,6,,19559,13,,,0,6,,19569,13,,,0,6,,19611,13,,,0,7,,19579,13,,,0,46,,19589,13,,,0,7,,19613,13,,,0,7,,19466,13,,,0,7,,19474,13,,,0,7,,19615,13,,,0,7,,19484,13,,,0,7,,19494,13,,,0,7,,19617,13,,,0,47,,19502,13,,,0,7,,19513,13,,,0,7,,19521,13,,,0,7,,19532,13,,,0,7,,19607,13,,,0,7,,19541,13,,,0,7,,19551,13,,,0,6,,19609,13,,,0,7,,19560,13,,,0,46,,19570,13,,,0,7,,19612,13,,,0,7,,19580,13,,,0,7,,19590,13,,,0,6,,19614,13,,,0,5,,19467,13,,,0,5,,19475,13,,,0,6,,19616,13,,,0,6,,19485,13,,,0,7,,19495,13,,,0,47,,19618,13,,,0,7,,19503,13,,,0,7,,19514,13,,,0,7,,19522,13,,,0,8,,19533,13,,,0,6,,19542,13,,,0,6,,19552,13,,,0,8,,19610,13,,,0,49,,19561,13,,,0,10,,19571,13,,,0,10,,19581,13,,,0,10,,19591,13,,,0,10,,19468,13,,,0,10,,19476,13,,,0,50,,19486,13,,,0,10,,19496,13,,,0,11,,19504,13,,,0,14,,19523,13,,,0,8,,19534,13,,,0,8,,19543,13,,,0,47,,19553,13,,,0,7,,19562,13,,,0,15,,19572,13,,,0,15,,19582,13,,,0,15,,19592,13,,,0,55,,19477,13,,,0,15,,19487,13,,,0,15,,19505,13,,,0,15,,19524,13,,,0,55,,19544,13,,,0,15,,19563,13,,,0,15,,19573,13,,,0,15,,19583,13,,,0,55,,19593,13,,,0,15,,19478,13,,,0,15,,19488,13,,,0,15,,19506,13,,,0,55,,19525,13,,,0
20101,'pT1Sep07-Sunday-00',525,,21272,13,,,0,10,,21282,13,,,0,10,,21292,13,,,0,10,,21302,13,,,0,50,,21310,13,,,0,10,,21320,13,,,0,10,,21330,13,,,0,10,,21338,13,,,0,10,,21349,13,,,0,10,,21359,13,,,0,50,,21369,13,,,0,10,,21379,13,,,0,10,,21388,13,,,0,10,,21273,13,,,0,10,,21283,13,,,0,10,,21293,13,,,0,50,,21303,13,,,0,10,,21312,13,,,0,10,,21321,13,,,0,10,,21331,13,,,0,10,,21340,13,,,0,10,,21350,13,,,0,50,,21360,13,,,0,10,,21371,13,,,0,10,,21380,13,,,0,10,,21389,13,,,0,10,,21274,13,,,0,10,,21284,13,,,0,50,,21294,13,,,0,10,,21304,13,,,0,10,,21311,13,,,0,10,,21322,13,,,0,10,,21332,13,,,0,10,,21341,13,,,0,50,,21351,13,,,0,10,,21362,13,,,0,10,,21370,13,,,0,10,,21381,13,,,0,10,,21390,13,,,0,10,,21275,13,,,0,50,,21285,13,,,0,10,,21296,13,,,0,10,,21305,13,,,0,10,,21313,13,,,0,10,,21323,13,,,0,10,,21333,13,,,0,50,,21342,13,,,0,10,,21352,13,,,0,10,,21361,13,,,0,10,,21372,13,,,0,10,,21382,13,,,0,10,,21391,13,,,0,50,,21276,13,,,0,10,,21286,13,,,0,10,,21295,13,,,0,10,,21306,13,,,0,10,,21314,13,,,0,10,,21324,13,,,0,50,,21334,13,,,0,10,,21343,13,,,0,10,,21353,13,,,0,10,,21363,13,,,0,10,,21373,13,,,0,10,,21383,13,,,0,50,,21392,13,,,0,10,,21277,13,,,0,10,,21287,13,,,0,10,,21297,13,,,0,10,,21307,13,,,0,10,,21315,13,,,0,50,,21326,13,,,0,10,,21335,13,,,0,10,,21344,13,,,0,10,,21354,13,,,0,10,,21364,13,,,0,10,,21374,13,,,0,50,,21384,13,,,0,10,,21393,13,,,0,10,,21279,13,,,0,10,,21288,13,,,0,10,,21298,13,,,0,10,,21308,13,,,0,50,,21316,13,,,0,10,,21325,13,,,0,10,,21336,13,,,0,10,,21345,13,,,0,10,,21355,13,,,0,10,,21365,13,,,0,50,,21375,13,,,0,10,,21385,13,,,0,10,,21394,13,,,0,10,,21278,13,,,0,10,,21289,13,,,0,10,,21299,13,,,0,50,,21309,13,,,0,10,,21317,13,,,0,10,,21327,13,,,0,10,,21337,13,,,0,10,,21347,13,,,0,10,,21356,13,,,0,50,,21366,13,,,0,15,,21376,13,,,0,15,,21386,13,,,0,7,,21395,13,,,0,8,,21280,13,,,0,55,,21290,13,,,0,15,,21300,13,,,0,15,,21318,13,,,0,15,,21328,13,,,0,55,,21346,13,,,0,15,,21357,13,,,0,15,,21367,13,,,0,15,,21377,13,,,0,55,,21387,13,,,0,15,,21281,13,,,0,15,,21291,13,,,0,15,,21301,13,,,0,55,,21319,13,,,0
20101,'pT5Sep04-Weekday-00',502,,21396,13,,,0,8,,21397,13,,,0,17,,21560,13,,,0,5,,21399,13,,,0,10,,21400,13,,,0,10,,21401,13,,,0,5,,21538,13,,,0,45,,21398,13,,,0,5,,21539,13,,,0,4,,21402,13,,,0,5,,21403,13,,,0,5,,21564,13,,,0,5,,21407,13,,,0,5,,21562,13,,,0,5,,21404,13,,,0,5,,21405,13,,,0,5,,21406,13,,,0,5,,21408,13,,,0,5,,21409,13,,,0,45,,21410,13,,,0,5,,21411,13,,,0,5,,21412,13,,,0,5,,21413,13,,,0,5,,21414,13,,,0,5,,21415,13,,,0,5,,21416,13,,,0,5,,21417,13,,,0,4,,21418,13,,,0,6,,21419,13,,,0,5,,21420,13,,,0,5,,21421,13,,,0,45,,21422,13,,,0,5,,21423,13,,,0,5,,21424,13,,,0,5,,21426,13,,,0,5,,21427,13,,,0,5,,21428,13,,,0,5,,21425,13,,,0,5,,21429,13,,,0,5,,21430,13,,,0,5,,21431,13,,,0,5,,21432,13,,,0,5,,21433,13,,,0,46,,21434,13,,,0,5,,21435,13,,,0,5,,21436,13,,,0,5,,21437,13,,,0,5,,21438,13,,,0,5,,21439,13,,,0,5,,21440,13,,,0,5,,21570,13,,,0,5,,21441,13,,,0,4,,21569,13,,,0,5,,21442,13,,,0,5,,21571,13,,,0,46,,21443,13,,,0,5,,21572,13,,,0,5,,21444,13,,,0,10,,21445,13,,,0,10,,21447,13,,,0,10,,21448,13,,,0,10,,21449,13,,,0,50,,21446,13,,,0,10,,21450,13,,,0,10,,21451,13,,,0,10,,21452,13,,,0,10,,21453,13,,,0,10,,21454,13,,,0,50,,21455,13,,,0,6,,21456,13,,,0,14,,21457,13,,,0,10,,21458,13,,,0,10,,21459,13,,,0,10,,21460,13,,,0,50,,21461,13,,,0,10,,21463,13,,,0,10,,21464,13,,,0,10,,21465,13,,,0,10,,21462,13,,,0,10,,21466,13,,,0,50,,21467,13,,,0,10,,21468,13,,,0,10,,21469,13,,,0,8,,21470,13,,,0,12,,21471,13,,,0,8,,21472,13,,,0,51,,21474,13,,,0,10,,21475,13,,,0,5,,21563,13,,,0,5,,21476,13,,,0,5,,21473,13,,,0,5,,21477,13,,,0,5,,21479,13,,,0,5,,21478,13,,,0,4,,21482,13,,,0,4,,21578,13,,,0,2,,21480,13,,,0,5,,21481,13,,,0,45,,21483,13,,,0,5,,21484,13,,,0,5,,21485,13,,,0,5,,21486,13,,,0,5,,21487,13,,,0,5,,21488,13,,,0,5,,21489,13,,,0,5,,21490,13,,,0,4,,21491,13,,,0,6,,21492,13,,,0,5,,21493,13,,,0,5,,21494,13,,,0,45,,21495,13,,,0,5,,21496,13,,,0,5,,21497,13,,,0,5,,21498,13,,,0,5,,21499,13,,,0,5,,21500,13,,,0,5,,21501,13,,,0,5,,21502,13,,,0,5,,21503,13,,,0,4,,21504,13,,,0,5,,21505,13,,,0,5,,21506,13,,,0,45,,21579,13,,,0,5,,21507,13,,,0,4,,21508,13,,,0,5,,21509,13,,,0,5,,21510,13,,,0,5,,21511,13,,,0,5,,21512,13,,,0,4,,21513,13,,,0,4,,21576,13,,,0,11,,21514,13,,,0,6,,21515,13,,,0,50,,21516,13,,,0,5,,21577,13,,,0,5,,21517,13,,,0,5,,21537,13,,,0,5,,21518,13,,,0,12,,21519,13,,,0,8,,21520,13,,,0,10,,21522,13,,,0,50,,21523,13,,,0,10,,21524,13,,,0,10,,21521,13,,,0,10,,21525,13,,,0,10,,21526,13,,,0,10,,21527,13,,,0,50,,21528,13,,,0,10,,21529,13,,,0,11,,21530,13,,,0,14,,21541,13,,,0,8,,21558,13,,,0,8,,21540,13,,,0,47,,21559,13,,,0,7,,21542,13,,,0,15,,21543,13,,,0,15,,21544,13,,,0,15,,21545,13,,,0,55,,21546,13,,,0,15,,21547,13,,,0,15,,21548,13,,,0,15,,21549,13,,,0,55,,21551,13,,,0,15,,21552,13,,,0,15,,21553,13,,,0,15,,21550,13,,,0,55,,21554,13,,,0,15,,21555,13,,,0,15,,21556,13,,,0,15,,21557,13,,,0,55,,21536,13,,,0
20101,'pT6Sep05-Saturday-00',525,,21595,13,,,0,10,,21605,13,,,0,10,,21614,13,,,0,10,,21625,13,,,0,50,,21633,13,,,0,10,,21643,13,,,0,10,,21654,13,,,0,10,,21662,13,,,0,10,,21672,13,,,0,10,,21682,13,,,0,50,,21692,13,,,0,10,,21702,13,,,0,10,,21711,13,,,0,10,,21596,13,,,0,10,,21606,13,,,0,10,,21615,13,,,0,50,,21626,13,,,0,10,,21634,13,,,0,10,,21644,13,,,0,10,,21652,13,,,0,10,,21663,13,,,0,10,,21673,13,,,0,50,,21683,13,,,0,10,,21693,13,,,0,10,,21703,13,,,0,10,,21712,13,,,0,10,,21597,13,,,0,10,,21607,13,,,0,50,,21616,13,,,0,10,,21627,13,,,0,10,,21635,13,,,0,10,,21645,13,,,0,10,,21655,13,,,0,10,,21664,13,,,0,50,,21674,13,,,0,10,,21684,13,,,0,10,,21694,13,,,0,10,,21704,13,,,0,10,,21713,13,,,0,10,,21598,13,,,0,50,,21608,13,,,0,10,,21617,13,,,0,10,,21628,13,,,0,10,,21636,13,,,0,10,,21646,13,,,0,10,,21656,13,,,0,50,,21665,13,,,0,10,,21675,13,,,0,10,,21685,13,,,0,10,,21695,13,,,0,10,,21705,13,,,0,10,,21714,13,,,0,50,,21599,13,,,0,10,,21609,13,,,0,10,,21619,13,,,0,10,,21629,13,,,0,10,,21637,13,,,0,10,,21647,13,,,0,50,,21657,13,,,0,10,,21666,13,,,0,10,,21676,13,,,0,10,,21686,13,,,0,10,,21696,13,,,0,10,,21706,13,,,0,50,,21716,13,,,0,10,,21600,13,,,0,10,,21610,13,,,0,10,,21620,13,,,0,10,,21630,13,,,0,10,,21638,13,,,0,50,,21648,13,,,0,10,,21658,13,,,0,10,,21667,13,,,0,10,,21677,13,,,0,10,,21687,13,,,0,10,,21697,13,,,0,50,,21707,13,,,0,10,,21715,13,,,0,10,,21601,13,,,0,10,,21611,13,,,0,10,,21621,13,,,0,10,,21631,13,,,0,50,,21639,13,,,0,10,,21649,13,,,0,10,,21659,13,,,0,10,,21668,13,,,0,10,,21678,13,,,0,10,,21689,13,,,0,50,,21698,13,,,0,10,,21708,13,,,0,10,,21717,13,,,0,10,,21602,13,,,0,10,,21618,13,,,0,10,,21622,13,,,0,50,,21632,13,,,0,10,,21640,13,,,0,10,,21650,13,,,0,10,,21660,13,,,0,10,,21669,13,,,0,10,,21679,13,,,0,50,,21688,13,,,0,15,,21700,13,,,0,15,,21709,13,,,0,7,,21718,13,,,0,8,,21603,13,,,0,55,,21612,13,,,0,15,,21623,13,,,0,15,,21641,13,,,0,15,,21651,13,,,0,55,,21670,13,,,0,15,,21680,13,,,0,15,,21690,13,,,0,15,,21701,13,,,0,55,,21710,13,,,0,15,,21604,13,,,0,15,,21613,13,,,0,15,,21624,13,,,0,55,,21642,13,,,0
20101,'pT7Sep06-Sunday-00',525,,21719,13,,,0,10,,21729,13,,,0,10,,21739,13,,,0,10,,21749,13,,,0,50,,21757,13,,,0,10,,21767,13,,,0,10,,21778,13,,,0,10,,21786,13,,,0,10,,21796,13,,,0,10,,21806,13,,,0,50,,21816,13,,,0,10,,21826,13,,,0,10,,21835,13,,,0,10,,21720,13,,,0,10,,21730,13,,,0,10,,21740,13,,,0,50,,21750,13,,,0,10,,21759,13,,,0,10,,21768,13,,,0,10,,21777,13,,,0,10,,21787,13,,,0,10,,21797,13,,,0,50,,21807,13,,,0,10,,21817,13,,,0,10,,21827,13,,,0,10,,21836,13,,,0,10,,21721,13,,,0,10,,21731,13,,,0,50,,21741,13,,,0,10,,21751,13,,,0,10,,21758,13,,,0,10,,21769,13,,,0,10,,21779,13,,,0,10,,21788,13,,,0,50,,21798,13,,,0,10,,21809,13,,,0,10,,21818,13,,,0,10,,21828,13,,,0,10,,21837,13,,,0,10,,21722,13,,,0,50,,21732,13,,,0,10,,21742,13,,,0,10,,21752,13,,,0,10,,21760,13,,,0,10,,21770,13,,,0,10,,21780,13,,,0,50,,21789,13,,,0,10,,21799,13,,,0,10,,21808,13,,,0,10,,21819,13,,,0,10,,21829,13,,,0,10,,21838,13,,,0,50,,21723,13,,,0,10,,21733,13,,,0,10,,21743,13,,,0,10,,21753,13,,,0,10,,21761,13,,,0,10,,21771,13,,,0,50,,21781,13,,,0,10,,21790,13,,,0,10,,21800,13,,,0,10,,21810,13,,,0,10,,21820,13,,,0,10,,21830,13,,,0,50,,21839,13,,,0,10,,21724,13,,,0,10,,21734,13,,,0,10,,21744,13,,,0,10,,21754,13,,,0,10,,21762,13,,,0,50,,21772,13,,,0,10,,21782,13,,,0,10,,21791,13,,,0,10,,21801,13,,,0,10,,21811,13,,,0,10,,21821,13,,,0,50,,21831,13,,,0,10,,21840,13,,,0,10,,21726,13,,,0,10,,21735,13,,,0,10,,21745,13,,,0,10,,21755,13,,,0,50,,21763,13,,,0,10,,21773,13,,,0,10,,21783,13,,,0,10,,21792,13,,,0,10,,21802,13,,,0,10,,21813,13,,,0,50,,21822,13,,,0,10,,21832,13,,,0,10,,21841,13,,,0,10,,21725,13,,,0,10,,21736,13,,,0,10,,21746,13,,,0,50,,21756,13,,,0,10,,21764,13,,,0,10,,21774,13,,,0,10,,21784,13,,,0,10,,21794,13,,,0,10,,21803,13,,,0,50,,21812,13,,,0,15,,21823,13,,,0,15,,21833,13,,,0,7,,21842,13,,,0,8,,21727,13,,,0,55,,21737,13,,,0,15,,21747,13,,,0,15,,21765,13,,,0,15,,21775,13,,,0,55,,21793,13,,,0,15,,21804,13,,,0,15,,21814,13,,,0,15,,21824,13,,,0,55,,21834,13,,,0,15,,21728,13,,,0,15,,21738,13,,,0,15,,21748,13,,,0,55,,21766,13,,,0
20200,'Saturday-00',532,,19627,11,,,0,10,,19637,11,,,0,10,,19649,11,,,0,50,,19659,11,,,0,10,,19672,11,,,0,10,,19684,11,,,0,10,,19694,11,,,0,10,,19706,11,,,0,10,,19718,11,,,0,50,,19728,11,,,0,10,,19740,11,,,0,10,,19628,11,,,0,10,,19638,11,,,0,10,,19650,11,,,0,10,,19660,11,,,0,50,,19673,11,,,0,10,,19685,11,,,0,10,,19695,11,,,0,10,,19707,11,,,0,10,,19719,11,,,0,10,,19729,11,,,0,50,,19741,11,,,0,10,,19629,11,,,0,10,,19639,11,,,0,10,,19651,11,,,0,10,,19661,11,,,0,10,,19674,11,,,0,50,,19686,11,,,0,10,,19696,11,,,0,10,,19708,11,,,0,10,,19720,11,,,0,10,,19730,11,,,0,10,,19742,11,,,0,50,,19630,11,,,0,10,,19640,11,,,0,10,,19652,11,,,0,10,,19662,11,,,0,10,,19675,11,,,0,10,,19687,11,,,0,50,,19697,11,,,0,10,,19709,11,,,0,10,,19721,11,,,0,10,,19731,11,,,0,10,,19743,11,,,0,10,,19631,11,,,0,50,,19641,11,,,0,10,,19653,11,,,0,10,,19663,11,,,0,10,,19676,11,,,0,10,,19688,11,,,0,10,,19698,11,,,0,50,,19710,11,,,0,10,,19722,11,,,0,10,,19732,11,,,0,10,,19744,11,,,0,10,,19632,11,,,0,10,,19642,11,,,0,50,,19654,11,,,0,10,,19665,11,,,0,10,,19677,11,,,0,10,,19689,11,,,0,10,,19699,11,,,0,10,,19711,11,,,0,50,,19723,11,,,0,10,,19733,11,,,0,10,,19745,11,,,0,10,,19633,11,,,0,10,,19643,11,,,0,10,,19655,11,,,0,50,,19664,11,,,0,10,,19678,11,,,0,10,,19690,11,,,0,10,,19700,11,,,0,10,,19712,11,,,0,10,,19724,11,,,0,50,,19734,11,,,0,10,,19746,11,,,0,10,,19634,11,,,0,10,,19644,11,,,0,10,,19656,11,,,0,10,,19666,11,,,0,50,,19679,11,,,0,10,,19691,11,,,0,10,,19701,11,,,0,10,,19713,11,,,0,10,,19725,11,,,0,10,,19736,11,,,0,50,,19747,11,,,0,10,,19635,11,,,0,10,,19645,11,,,0,10,,19657,11,,,0,10,,19667,11,,,0,10,,19680,11,,,0,50,,19692,11,,,0,10,,19702,11,,,0,10,,19714,11,,,0,10,,19726,11,,,0,10,,19735,11,,,0,10,,19748,11,,,0,50,,19636,11,,,0,8,,19646,11,,,0,15,,19668,11,,,0,15,,19681,11,,,0,15,,19703,11,,,0,55,,19715,11,,,0,15,,19737,11,,,0,15,,19749,11,,,0,15,,19647,11,,,0,55,,19669,11,,,0,15,,19682,11,,,0,15,,19704,11,,,0,15,,19716,11,,,0,55,,19738,11,,,0,15,,19750,11,,,0,15,,19648,11,,,0,15,,19670,11,,,0
20200,'Sunday-00',532,,19751,11,,,0,10,,19761,11,,,0,10,,19773,11,,,0,50,,19782,11,,,0,10,,19796,11,,,0,10,,19808,11,,,0,10,,19819,11,,,0,10,,19830,11,,,0,10,,19842,11,,,0,50,,19852,11,,,0,10,,19864,11,,,0,10,,19753,11,,,0,10,,19762,11,,,0,10,,19774,11,,,0,10,,19786,11,,,0,50,,19797,11,,,0,10,,19809,11,,,0,10,,19818,11,,,0,10,,19831,11,,,0,10,,19843,11,,,0,10,,19853,11,,,0,50,,19865,11,,,0,10,,19752,11,,,0,10,,19763,11,,,0,10,,19775,11,,,0,10,,19783,11,,,0,10,,19798,11,,,0,50,,19810,11,,,0,10,,19820,11,,,0,10,,19832,11,,,0,10,,19844,11,,,0,10,,19854,11,,,0,10,,19866,11,,,0,50,,19754,11,,,0,10,,19764,11,,,0,10,,19776,11,,,0,10,,19784,11,,,0,10,,19799,11,,,0,10,,19811,11,,,0,50,,19821,11,,,0,10,,19833,11,,,0,10,,19845,11,,,0,10,,19856,11,,,0,10,,19867,11,,,0,10,,19755,11,,,0,50,,19765,11,,,0,10,,19777,11,,,0,10,,19787,11,,,0,10,,19800,11,,,0,10,,19812,11,,,0,10,,19822,11,,,0,50,,19834,11,,,0,10,,19846,11,,,0,10,,19855,11,,,0,10,,19868,11,,,0,10,,19756,11,,,0,10,,19766,11,,,0,50,,19778,11,,,0,10,,19788,11,,,0,10,,19801,11,,,0,10,,19813,11,,,0,10,,19823,11,,,0,10,,19835,11,,,0,50,,19847,11,,,0,10,,19857,11,,,0,10,,19869,11,,,0,10,,19757,11,,,0,10,,19767,11,,,0,10,,19779,11,,,0,50,,19789,11,,,0,10,,19802,11,,,0,10,,19814,11,,,0,10,,19824,11,,,0,10,,19836,11,,,0,10,,19848,11,,,0,50,,19858,11,,,0,10,,19870,11,,,0,10,,19758,11,,,0,10,,19768,11,,,0,10,,19780,11,,,0,10,,19790,11,,,0,50,,19803,11,,,0,10,,19815,11,,,0,10,,19825,11,,,0,10,,19837,11,,,0,10,,19849,11,,,0,10,,19859,11,,,0,50,,19871,11,,,0,10,,19759,11,,,0,10,,19769,11,,,0,10,,19785,11,,,0,10,,19791,11,,,0,10,,19804,11,,,0,50,,19816,11,,,0,10,,19826,11,,,0,10,,19838,11,,,0,10,,19850,11,,,0,10,,19860,11,,,0,10,,19872,11,,,0,50,,19760,11,,,0,8,,19770,11,,,0,15,,19792,11,,,0,15,,19805,11,,,0,15,,19827,11,,,0,55,,19839,11,,,0,15,,19861,11,,,0,15,,19873,11,,,0,15,,19771,11,,,0,55,,19793,11,,,0,15,,19806,11,,,0,15,,19828,11,,,0,15,,19840,11,,,0,55,,19862,11,,,0,15,,19874,11,,,0,15,,19772,11,,,0,15,,19794,11,,,0
20200,'Weekday-00',452,,19875,11,,,0,52,,19876,11,,,0,9,,19877,11,,,0,11,,19878,11,,,0,10,,19879,11,,,0,10,,19880,11,,,0,10,,19881,11,,,0,50,,19882,11,,,0,9,,19883,11,,,0,10,,19884,11,,,0,5,,19885,11,,,0,5,,19886,11,,,0,5,,19887,11,,,0,5,,19888,11,,,0,5,,19889,11,,,0,5,,19890,11,,,0,5,,19891,11,,,0,45,,19892,11,,,0,5,,19893,11,,,0,5,,19894,11,,,0,5,,19895,11,,,0,5,,19897,11,,,0,5,,19898,11,,,0,5,,19899,11,,,0,5,,19896,11,,,0,5,,19900,11,,,0,5,,19902,11,,,0,5,,19903,11,,,0,5,,19904,11,,,0,45,,19901,11,,,0,5,,19905,11,,,0,5,,19906,11,,,0,5,,19908,11,,,0,5,,19909,11,,,0,5,,19910,11,,,0,5,,19907,11,,,0,5,,19911,11,,,0,5,,19912,11,,,0,5,,19915,11,,,0,5,,19916,11,,,0,5,,19913,11,,,0,46,,19914,11,,,0,5,,19917,11,,,0,5,,19918,11,,,0,5,,19919,11,,,0,5,,19920,11,,,0,5,,20031,11,,,0,5,,19921,11,,,0,5,,20032,11,,,0,5,,19922,11,,,0,5,,20029,11,,,0,5,,19923,11,,,0,50,,19924,11,,,0,10,,19925,11,,,0,10,,19926,11,,,0,10,,19927,11,,,0,6,,19928,11,,,0,10,,19929,11,,,0,50,,19930,11,,,0,10,,19931,11,,,0,10,,19932,11,,,0,10,,19933,11,,,0,10,,19934,11,,,0,10,,19935,11,,,0,50,,19936,11,,,0,10,,19937,11,,,0,10,,19938,11,,,0,10,,19939,11,,,0,10,,19940,11,,,0,10,,19941,11,,,0,50,,19942,11,,,0,10,,19943,11,,,0,10,,19944,11,,,0,10,,19945,11,,,0,10,,19946,11,,,0,10,,19947,11,,,0,50,,19948,11,,,0,10,,19949,11,,,0,10,,19950,11,,,0,12,,19951,11,,,0,8,,19952,11,,,0,13,,19953,11,,,0,50,,19954,11,,,0,10,,19955,11,,,0,5,,19956,11,,,0,5,,19957,11,,,0,5,,19958,11,,,0,5,,19959,11,,,0,5,,19960,11,,,0,5,,19961,11,,,0,4,,19962,11,,,0,6,,19963,11,,,0,5,,19964,11,,,0,45,,19965,11,,,0,5,,19966,11,,,0,5,,19967,11,,,0,5,,19968,11,,,0,5,,19969,11,,,0,5,,19970,11,,,0,5,,19971,11,,,0,5,,19973,11,,,0,5,,19974,11,,,0,5,,19975,11,,,0,5,,19972,11,,,0,5,,19977,11,,,0,45,,19978,11,,,0,5,,19979,11,,,0,5,,19976,11,,,0,5,,19980,11,,,0,5,,19981,11,,,0,5,,19983,11,,,0,5,,19984,11,,,0,5,,19985,11,,,0,5,,19982,11,,,0,4,,19986,11,,,0,5,,19987,11,,,0,5,,19990,11,,,0,45,,19991,11,,,0,4,,19988,11,,,0,5,,19989,11,,,0,5,,19992,11,,,0,5,,19993,11,,,0,5,,20028,11,,,0,5,,19994,11,,,0,4,,20030,11,,,0,4,,20024,11,,,0,3,,19995,11,,,0,4,,20025,11,,,0,5,,19996,11,,,0,5,,20026,11,,,0,45,,19997,11,,,0,5,,20027,11,,,0,5,,19998,11,,,0,10,,19999,11,,,0,10,,20000,11,,,0,10,,20001,11,,,0,10,,20002,11,,,0,50,,20003,11,,,0,10,,20004,11,,,0,10,,20005,11,,,0,10,,20006,11,,,0,10,,20007,11,,,0,10,,20008,11,,,0,50,,20009,11,,,0,9,,20010,11,,,0,12,,20039,11,,,0,14,,20040,11,,,0,8,,20038,11,,,0,8,,20041,11,,,0,54,,20042,11,,,0,15,,20043,11,,,0,15,,20044,11,,,0,15,,20046,11,,,0,55,,20047,11,,,0,15,,20048,11,,,0,15,,20045,11,,,0,15,,20049,11,,,0,55,,20050,11,,,0,15,,20051,11,,,0,15,,20052,11,,,0,15,,20053,11,,,0,55,,20054,11,,,0,15,,20055,11,,,0,15,,20056,11,,,0,20,,20011,11,,,0
20200,'LR3Sep30-Saturday-01',452,,20057,11,,,0,51,,20065,11,,,0,10,,20077,11,,,0,10,,20090,11,,,0,10,,20103,11,,,0,10,,20183,11,,,0,10,,20122,11,,,0,51,,20187,11,,,0,10,,20147,11,,,0,9,,20160,11,,,0,10,,20167,11,,,0,7,,20058,11,,,0,7,,20066,11,,,0,7,,20178,11,,,0,47,,20078,11,,,0,7,,20091,11,,,0,7,,20180,11,,,0,7,,20104,11,,,0,7,,20112,11,,,0,7,,20184,11,,,0,7,,20123,11,,,0,7,,20135,11,,,0,7,,20188,11,,,0,47,,20148,11,,,0,7,,20161,11,,,0,7,,20191,11,,,0,7,,20168,11,,,0,7,,20059,11,,,0,7,,20067,11,,,0,7,,20179,11,,,0,7,,20079,11,,,0,47,,20092,11,,,0,7,,20181,11,,,0,7,,20105,11,,,0,7,,20113,11,,,0,6,,20185,11,,,0,7,,20124,11,,,0,6,,20136,11,,,0,8,,20189,11,,,0,6,,20149,11,,,0,46,,20162,11,,,0,7,,20192,11,,,0,9,,20169,11,,,0,8,,20060,11,,,0,10,,20068,11,,,0,6,,20080,11,,,0,10,,20093,11,,,0,50,,20106,11,,,0,10,,20114,11,,,0,10,,20125,11,,,0,10,,20137,11,,,0,10,,20150,11,,,0,10,,20163,11,,,0,50,,20170,11,,,0,10,,20061,11,,,0,10,,20069,11,,,0,10,,20081,11,,,0,10,,20094,11,,,0,10,,20107,11,,,0,50,,20115,11,,,0,10,,20126,11,,,0,10,,20138,11,,,0,10,,20151,11,,,0,10,,20164,11,,,0,10,,20171,11,,,0,50,,20062,11,,,0,10,,20070,11,,,0,10,,20082,11,,,0,12,,20095,11,,,0,8,,20108,11,,,0,13,,20116,11,,,0,50,,20127,11,,,0,9,,20139,11,,,0,9,,20152,11,,,0,7,,20165,11,,,0,8,,20193,11,,,0,7,,20172,11,,,0,7,,20197,11,,,0,7,,20063,11,,,0,46,,20071,11,,,0,7,,20083,11,,,0,7,,20096,11,,,0,7,,20202,11,,,0,7,,20109,11,,,0,7,,20117,11,,,0,7,,20205,11,,,0,7,,20128,11,,,0,7,,20140,11,,,0,47,,20208,11,,,0,7,,20153,11,,,0,7,,20166,11,,,0,7,,20194,11,,,0,7,,20173,11,,,0,7,,20198,11,,,0,6,,20064,11,,,0,7,,20072,11,,,0,46,,20084,11,,,0,7,,20097,11,,,0,6,,20203,11,,,0,6,,20110,11,,,0,6,,20118,11,,,0,7,,20206,11,,,0,4,,20129,11,,,0,7,,20141,11,,,0,6,,20209,11,,,0,7,,20154,11,,,0,47,,20195,11,,,0,7,,20174,11,,,0,11,,20199,11,,,0,10,,20073,11,,,0,11,,20085,11,,,0,9,,20098,11,,,0,50,,20119,11,,,0,10,,20130,11,,,0,10,,20142,11,,,0,10,,20155,11,,,0,10,,20196,11,,,0,10,,20175,11,,,0,50,,20200,11,,,0,10,,20074,11,,,0,11,,20086,11,,,0,11,,20099,11,,,0,11,,20120,11,,,0,8,,20131,11,,,0,54,,20143,11,,,0,15,,20156,11,,,0,15,,20176,11,,,0,15,,20075,11,,,0,55,,20087,11,,,0,15,,20100,11,,,0,15,,20132,11,,,0,15,,20144,11,,,0,55,,20157,11,,,0,15,,20177,11,,,0,15,,20076,11,,,0,15,,20088,11,,,0,55,,20101,11,,,0,15,,20133,11,,,0,15,,20145,11,,,0,20,,20158,11,,,0
20200,'pT1Sep07-Sunday-00',437,,21843,11,0,18 19,0,10,,21865,11,0,18 19,0,10,,21887,11,0,18 19,0,50,,21909,11,0,18 19,0,10,,21931,11,0,18 19,0,10,,21952,11,0,18 19,0,10,,21844,11,0,18 19,0,10,,21866,11,0,18 19,0,10,,21888,11,0,18 19,0,50,,21910,11,0,18 19,0,10,,21932,11,0,18 19,0,10,,21953,11,0,18 19,0,10,,21845,11,0,18 19,0,10,,21867,11,0,18 19,0,10,,21889,11,0,18 19,0,50,,21911,11,0,18 19,0,10,,21933,11,0,18 19,0,10,,21954,11,0,18 19,0,10,,21846,11,0,18 19,0,10,,21868,11,0,18 19,0,10,,21890,11,0,18 19,0,50,,21912,11,0,18 19,0,10,,21934,11,0,18 19,0,10,,21955,11,0,18 19,0,10,,21847,11,0,18 19,0,10,,21869,11,0,18 19,0,10,,21891,11,0,18 19,0,50,,21913,11,0,18 19,0,10,,21935,11,0,18 19,0,10,,21956,11,0,18 19,0,10,,21848,11,0,18 19,0,10,,21870,11,0,18 19,0,10,,21892,11,0,18 19,0,50,,21914,11,0,18 19,0,10,,21936,11,0,18 19,0,10,,21957,11,0,18 19,0,10,,21849,11,0,18 19,0,10,,21871,11,0,18 19,0,10,,21893,11,0,18 19,0,50,,21915,11,0,18 19,0,10,,21937,11,0,18 19,0,10,,21958,11,0,18 19,0,10,,21850,11,0,18 19,0,10,,21872,11,0,18 19,0,10,,21894,11,0,18 19,0,50,,21916,11,0,18 19,0,10,,21938,11,0,18 19,0,10,,21959,11,0,18 19,0,10,,21851,11,0,18 19,0,10,,21873,11,0,18 19,0,10,,21895,11,0,18 19,0,50,,21917,11,0,18 19,0,10,,21939,11,0,18 19,0,10,,21960,11,0,18 19,0,10,,21852,11,0,18 19,0,10,,21874,11,0,18 19,0,10,,21896,11,0,18 19,0,50,,21918,11,0,18 19,0,10,,21940,11,0,18 19,0,10,,21961,11,0,18 19,0,10,,21853,11,0,18 19,0,10,,21875,11,0,18 19,0,10,,21897,11,0,18 19,0,50,,21919,11,0,18 19,0,10,,21941,11,0,18 19,0,10,,21962,11,0,18 19,0,10,,21854,11,0,18 19,0,10,,21876,11,0,18 19,0,10,,21898,11,0,18 19,0,50,,21920,11,0,18 19,0,10,,21942,11,0,18 19,0,10,,21963,11,0,18 19,0,10,,21855,11,0,18 19,0,10,,21877,11,0,18 19,0,10,,21899,11,0,18 19,0,50,,21921,11,0,18 19,0,10,,21943,11,0,18 19,0,10,,21964,11,0,18 19,0,10,,21856,11,0,18 19,0,10,,21878,11,0,18 19,0,10,,21900,11,0,18 19,0,50,,21922,11,0,18 19,0,10,,21944,11,0,18 19,0,10,,21965,11,0,18 19,0,10,,21857,11,0,18 19,0,10,,21879,11,0,18 19,0,10,,21901,11,0,18 19,0,50,,21923,11,0,18 19,0,10,,21945,11,0,18 19,0,10,,21966,11,0,18 19,0,10,,21858,11,0,18 19,0,10,,21880,11,0,18 19,0,10,,21902,11,0,18 19,0,50,,21924,11,0,18 19,0,10,,21946,11,0,18 19,0,10,,21967,11,0,18 19,0,10,,21859,11,0,18 19,0,10,,21881,11,0,18 19,0,10,,21903,11,0,18 19,0,50,,21925,11,0,18 19,0,10,,21947,11,0,18 19,0,10,,21968,11,0,18 19,0,10,,21860,11,0,18 19,0,10,,21882,11,0,18 19,0,9,,21904,11,0,18 19,0,51,,21926,11,0,18 19,0,10,,21948,11,0,18 19,0,9,,21969,11,0,18 19,0,11,,21861,11,0,18 19,0,10,,21883,11,0,18 19,0,9,,21905,11,0,18 19,0,51,,21927,11,0,18 19,0,10,,21950,11,0,18 19,0,9,,21970,11,0,18 19,0,11,,21862,11,0,18 19,0,10,,21884,11,0,18 19,0,9,,21906,11,0,18 19,0,51,,21928,11,0,18 19,0,9,,21949,11,0,18 19,0,10,,21971,11,0,18 19,0,11,,21863,11,0,18 19,0,9,,21885,11,0,18 19,0,11,,21907,11,0,18 19,0,50,,21929,11,0,18 19,0,8,,21951,11,0,18 19,0,11,,21972,11,0,18 19,0,11,,21864,11,0,18 19,0,8,,21886,11,0,18 19,0,12,,21908,11,0,18 19,0,50,,21930,11,0,18 19,0
20200,'pT5Sep04-Weekday-00',452,,22106,11,,,0,52,,22107,11,,,0,9,,22108,11,,,0,11,,22109,11,,,0,10,,22111,11,,,0,10,,22112,11,,,0,10,,22113,11,,,0,50,,22110,11,,,0,9,,22114,11,,,0,10,,22115,11,,,0,5,,22116,11,,,0,5,,22117,11,,,0,5,,22118,11,,,0,5,,22119,11,,,0,5,,22120,11,,,0,5,,22121,11,,,0,5,,22122,11,,,0,45,,22123,11,,,0,5,,22124,11,,,0,5,,22125,11,,,0,5,,22126,11,,,0,5,,22128,11,,,0,5,,22129,11,,,0,5,,22130,11,,,0,5,,22127,11,,,0,5,,22131,11,,,0,5,,22133,11,,,0,5,,22134,11,,,0,5,,22135,11,,,0,45,,22132,11,,,0,5,,22136,11,,,0,5,,22137,11,,,0,5,,22139,11,,,0,5,,22140,11,,,0,5,,22141,11,,,0,5,,22138,11,,,0,5,,22142,11,,,0,5,,22143,11,,,0,5,,22146,11,,,0,5,,22147,11,,,0,5,,22144,11,,,0,46,,22145,11,,,0,5,,22148,11,,,0,5,,22149,11,,,0,5,,22150,11,,,0,5,,22151,11,,,0,5,,22258,11,,,0,5,,22152,11,,,0,5,,22259,11,,,0,5,,22153,11,,,0,5,,22256,11,,,0,5,,22154,11,,,0,50,,22155,11,,,0,10,,22156,11,,,0,10,,22157,11,,,0,10,,22158,11,,,0,6,,22159,11,,,0,10,,22160,11,,,0,50,,22161,11,,,0,10,,22162,11,,,0,10,,22163,11,,,0,10,,22164,11,,,0,10,,22165,11,,,0,10,,22166,11,,,0,50,,22167,11,,,0,10,,22168,11,,,0,10,,22169,11,,,0,10,,22170,11,,,0,10,,22171,11,,,0,10,,22172,11,,,0,50,,22173,11,,,0,10,,22174,11,,,0,10,,22175,11,,,0,10,,22176,11,,,0,10,,22177,11,,,0,10,,22178,11,,,0,50,,22179,11,,,0,10,,22180,11,,,0,10,,22181,11,,,0,12,,22182,11,,,0,8,,22183,11,,,0,13,,22185,11,,,0,50,,22186,11,,,0,10,,22187,11,,,0,5,,22184,11,,,0,5,,22188,11,,,0,5,,22189,11,,,0,5,,22190,11,,,0,5,,22191,11,,,0,5,,22192,11,,,0,4,,22193,11,,,0,6,,22194,11,,,0,5,,22195,11,,,0,45,,22196,11,,,0,5,,22197,11,,,0,5,,22198,11,,,0,5,,22199,11,,,0,5,,22200,11,,,0,5,,22201,11,,,0,5,,22202,11,,,0,5,,22204,11,,,0,5,,22205,11,,,0,5,,22206,11,,,0,5,,22203,11,,,0,5,,22208,11,,,0,45,,22209,11,,,0,5,,22210,11,,,0,5,,22207,11,,,0,5,,22211,11,,,0,5,,22212,11,,,0,5,,22214,11,,,0,5,,22215,11,,,0,5,,22216,11,,,0,5,,22213,11,,,0,4,,22217,11,,,0,5,,22218,11,,,0,5,,22221,11,,,0,45,,22222,11,,,0,4,,22219,11,,,0,5,,22220,11,,,0,5,,22223,11,,,0,5,,22224,11,,,0,5,,22255,11,,,0,5,,22225,11,,,0,4,,22257,11,,,0,7,,22226,11,,,0,9,,22227,11,,,0,50,,22228,11,,,0,10,,22229,11,,,0,10,,22230,11,,,0,10,,22231,11,,,0,10,,22232,11,,,0,10,,22233,11,,,0,50,,22234,11,,,0,10,,22235,11,,,0,10,,22236,11,,,0,10,,22237,11,,,0,10,,22238,11,,,0,10,,22239,11,,,0,50,,22240,11,,,0,9,,22241,11,,,0,12,,22265,11,,,0,14,,22266,11,,,0,16,,22267,11,,,0,54,,22268,11,,,0,15,,22269,11,,,0,15,,22270,11,,,0,15,,22272,11,,,0,55,,22273,11,,,0,15,,22274,11,,,0,15,,22271,11,,,0,15,,22275,11,,,0,55,,22276,11,,,0,15,,22277,11,,,0,15,,22278,11,,,0,15,,22279,11,,,0,55,,22280,11,,,0,15,,22281,11,,,0,15,,22282,11,,,0,20,,22242,11,,,0
20200,'pT6Sep05-Saturday-00',437,,22283,11,0,18 19,0,10,,22305,11,0,18 19,0,10,,22327,11,0,18 19,0,50,,22349,11,0,18 19,0,10,,22371,11,0,18 19,0,10,,22392,11,0,18 19,0,10,,22284,11,0,18 19,0,10,,22306,11,0,18 19,0,10,,22328,11,0,18 19,0,50,,22350,11,0,18 19,0,10,,22372,11,0,18 19,0,10,,22393,11,0,18 19,0,10,,22285,11,0,18 19,0,10,,22307,11,0,18 19,0,10,,22329,11,0,18 19,0,50,,22351,11,0,18 19,0,10,,22373,11,0,18 19,0,10,,22394,11,0,18 19,0,10,,22286,11,0,18 19,0,10,,22308,11,0,18 19,0,10,,22330,11,0,18 19,0,50,,22352,11,0,18 19,0,10,,22374,11,0,18 19,0,10,,22395,11,0,18 19,0,10,,22287,11,0,18 19,0,10,,22309,11,0,18 19,0,10,,22331,11,0,18 19,0,50,,22353,11,0,18 19,0,10,,22375,11,0,18 19,0,10,,22396,11,0,18 19,0,10,,22288,11,0,18 19,0,10,,22310,11,0,18 19,0,10,,22332,11,0,18 19,0,50,,22354,11,0,18 19,0,10,,22376,11,0,18 19,0,10,,22397,11,0,18 19,0,10,,22289,11,0,18 19,0,10,,22311,11,0,18 19,0,10,,22333,11,0,18 19,0,50,,22355,11,0,18 19,0,10,,22377,11,0,18 19,0,10,,22398,11,0,18 19,0,10,,22290,11,0,18 19,0,10,,22312,11,0,18 19,0,10,,22334,11,0,18 19,0,50,,22356,11,0,18 19,0,10,,22378,11,0,18 19,0,10,,22399,11,0,18 19,0,10,,22291,11,0,18 19,0,10,,22313,11,0,18 19,0,10,,22335,11,0,18 19,0,50,,22357,11,0,18 19,0,10,,22379,11,0,18 19,0,10,,22400,11,0,18 19,0,10,,22292,11,0,18 19,0,10,,22314,11,0,18 19,0,10,,22336,11,0,18 19,0,50,,22358,11,0,18 19,0,10,,22380,11,0,18 19,0,10,,22401,11,0,18 19,0,10,,22293,11,0,18 19,0,10,,22315,11,0,18 19,0,10,,22337,11,0,18 19,0,50,,22359,11,0,18 19,0,10,,22381,11,0,18 19,0,10,,22402,11,0,18 19,0,10,,22294,11,0,18 19,0,10,,22316,11,0,18 19,0,10,,22338,11,0,18 19,0,50,,22360,11,0,18 19,0,10,,22382,11,0,18 19,0,10,,22405,11,0,18 19,0,10,,22295,11,0,18 19,0,10,,22317,11,0,18 19,0,10,,22339,11,0,18 19,0,50,,22361,11,0,18 19,0,10,,22383,11,0,18 19,0,10,,22403,11,0,18 19,0,10,,22296,11,0,18 19,0,10,,22318,11,0,18 19,0,10,,22340,11,0,18 19,0,50,,22362,11,0,18 19,0,10,,22384,11,0,18 19,0,10,,22404,11,0,18 19,0,10,,22298,11,0,18 19,0,10,,22319,11,0,18 19,0,10,,22341,11,0,18 19,0,50,,22363,11,0,18 19,0,10,,22385,11,0,18 19,0,10,,22406,11,0,18 19,0,10,,22299,11,0,18 19,0,10,,22320,11,0,18 19,0,10,,22342,11,0,18 19,0,50,,22364,11,0,18 19,0,10,,22387,11,0,18 19,0,10,,22407,11,0,18 19,0,10,,22297,11,0,18 19,0,10,,22321,11,0,18 19,0,10,,22343,11,0,18 19,0,50,,22365,11,0,18 19,0,10,,22388,11,0,18 19,0,10,,22408,11,0,18 19,0,10,,22300,11,0,18 19,0,10,,22322,11,0,18 19,0,9,,22344,11,0,18 19,0,51,,22366,11,0,18 19,0,10,,22386,11,0,18 19,0,9,,22409,11,0,18 19,0,11,,22301,11,0,18 19,0,10,,22323,11,0,18 19,0,9,,22345,11,0,18 19,0,51,,22367,11,0,18 19,0,10,,22389,11,0,18 19,0,9,,22410,11,0,18 19,0,11,,22302,11,0,18 19,0,10,,22324,11,0,18 19,0,9,,22346,11,0,18 19,0,51,,22368,11,0,18 19,0,9,,22390,11,0,18 19,0,10,,22411,11,0,18 19,0,11,,22303,11,0,18 19,0,9,,22325,11,0,18 19,0,11,,22347,11,0,18 19,0,50,,22369,11,0,18 19,0,8,,22391,11,0,18 19,0,11,,22412,11,0,18 19,0,11,,22304,11,0,18 19,0,8,,22326,11,0,18 19,0,12,,22348,11,0,18 19,0,50,,22370,11,0,18 19,0
20200,'pT7Sep06-Sunday-00',437,,22546,11,0,18 19,0,10,,22567,11,0,18 19,0,10,,22588,11,0,18 19,0,50,,22609,11,0,18 19,0,10,,22630,11,0,18 19,0,10,,22650,11,0,18 19,0,10,,22547,11,0,18 19,0,10,,22568,11,0,18 19,0,10,,22589,11,0,18 19,0,50,,22610,11,0,18 19,0,10,,22631,11,0,18 19,0,10,,22651,11,0,18 19,0,10,,22548,11,0,18 19,0,10,,22569,11,0,18 19,0,10,,22590,11,0,18 19,0,50,,22615,11,0,18 19,0,10,,22632,11,0,18 19,0,10,,22652,11,0,18 19,0,10,,22549,11,0,18 19,0,10,,22570,11,0,18 19,0,10,,22591,11,0,18 19,0,50,,22611,11,0,18 19,0,10,,22633,11,0,18 19,0,10,,22653,11,0,18 19,0,10,,22550,11,0,18 19,0,10,,22571,11,0,18 19,0,10,,22592,11,0,18 19,0,50,,22612,11,0,18 19,0,10,,22634,11,0,18 19,0,10,,22654,11,0,18 19,0,10,,22551,11,0,18 19,0,10,,22573,11,0,18 19,0,10,,22593,11,0,18 19,0,50,,22613,11,0,18 19,0,10,,22635,11,0,18 19,0,10,,22655,11,0,18 19,0,10,,22552,11,0,18 19,0,10,,22572,11,0,18 19,0,10,,22594,11,0,18 19,0,50,,22614,11,0,18 19,0,10,,22636,11,0,18 19,0,10,,22656,11,0,18 19,0,10,,22553,11,0,18 19,0,10,,22574,11,0,18 19,0,10,,22595,11,0,18 19,0,50,,22616,11,0,18 19,0,10,,22637,11,0,18 19,0,10,,22657,11,0,18 19,0,10,,22554,11,0,18 19,0,10,,22575,11,0,18 19,0,10,,22596,11,0,18 19,0,50,,22617,11,0,18 19,0,10,,22638,11,0,18 19,0,10,,22658,11,0,18 19,0,10,,22555,11,0,18 19,0,10,,22576,11,0,18 19,0,10,,22597,11,0,18 19,0,50,,22618,11,0,18 19,0,10,,22639,11,0,18 19,0,10,,22659,11,0,18 19,0,10,,22556,11,0,18 19,0,10,,22577,11,0,18 19,0,10,,22598,11,0,18 19,0,50,,22619,11,0,18 19,0,10,,22640,11,0,18 19,0,10,,22660,11,0,18 19,0,10,,22557,11,0,18 19,0,10,,22578,11,0,18 19,0,10,,22599,11,0,18 19,0,50,,22620,11,0,18 19,0,10,,22641,11,0,18 19,0,10,,22661,11,0,18 19,0,10,,22558,11,0,18 19,0,10,,22579,11,0,18 19,0,10,,22600,11,0,18 19,0,50,,22621,11,0,18 19,0,10,,22642,11,0,18 19,0,10,,22662,11,0,18 19,0,10,,22559,11,0,18 19,0,10,,22580,11,0,18 19,0,10,,22601,11,0,18 19,0,50,,22622,11,0,18 19,0,10,,22643,11,0,18 19,0,10,,22663,11,0,18 19,0,10,,22560,11,0,18 19,0,10,,22581,11,0,18 19,0,10,,22602,11,0,18 19,0,50,,22623,11,0,18 19,0,10,,22644,11,0,18 19,0,10,,22664,11,0,18 19,0,10,,22561,11,0,18 19,0,10,,22582,11,0,18 19,0,10,,22603,11,0,18 19,0,50,,22624,11,0,18 19,0,10,,22645,11,0,18 19,0,10,,22665,11,0,18 19,0,10,,22562,11,0,18 19,0,10,,22583,11,0,18 19,0,10,,22604,11,0,18 19,0,50,,22625,11,0,18 19,0,10,,22646,11,0,18 19,0,10,,22666,11,0,18 19,0,10,,22563,11,0,18 19,0,10,,22584,11,0,18 19,0,9,,22605,11,0,18 19,0,51,,22626,11,0,18 19,0,10,,22647,11,0,18 19,0,9,,22667,11,0,18 19,0,11,,22564,11,0,18 19,0,10,,22585,11,0,18 19,0,9,,22606,11,0,18 19,0,51,,22627,11,0,18 19,0,10,,22648,11,0,18 19,0,9,,22668,11,0,18 19,0,11,,22565,11,0,18 19,0,10,,22586,11,0,18 19,0,9,,22607,11,0,18 19,0,51,,22628,11,0,18 19,0,9,,22649,11,0,18 19,0,10,,22669,11,0,18 19,0,11,,22566,11,0,18 19,0,9,,22587,11,0,18 19,0,11,,22608,11,0,18 19,0,50,,22629,11,0,18 19,0,8,,22807,11,0,18 19,0,11,,22808,11,0,18 19,0,11,,22803,11,0,18 19,0,8,,22804,11,0,18 19,0,12,,22805,11,0,18 19,0,50,,22806,11,0,18 19,0
