20101,'Saturday-00',523,,19014,12,,,0,10,,19024,12,,,0,10,,19033,12,,,0,10,,19044,12,,,0,50,,19052,12,,,0,10,,19062,12,,,0,10,,19072,12,,,0,10,,19081,12,,,0,10,,19091,12,,,0,10,,19101,12,,,0,50,,19111,12,,,0,10,,19121,12,,,0,10,,19130,12,,,0,10,,19015,12,,,0,10,,19025,12,,,0,10,,19034,12,,,0,50,,19045,12,,,0,10,,19053,12,,,0,10,,19063,12,,,0,10,,19073,12,,,0,10,,19082,12,,,0,10,,19092,12,,,0,50,,19102,12,,,0,10,,19112,12,,,0,10,,19122,12,,,0,10,,19131,12,,,0,10,,19016,12,,,0,10,,19026,12,,,0,50,,19035,12,,,0,10,,19046,12,,,0,10,,19054,12,,,0,10,,19064,12,,,0,10,,19074,12,,,0,10,,19083,12,,,0,50,,19093,12,,,0,10,,19103,12,,,0,10,,19113,12,,,0,10,,19123,12,,,0,10,,19132,12,,,0,10,,19017,12,,,0,50,,19027,12,,,0,10,,19036,12,,,0,10,,19047,12,,,0,10,,19055,12,,,0,10,,19065,12,,,0,10,,19075,12,,,0,50,,19084,12,,,0,10,,19094,12,,,0,10,,19104,12,,,0,10,,19114,12,,,0,10,,19124,12,,,0,10,,19133,12,,,0,50,,19018,12,,,0,10,,19028,12,,,0,10,,19038,12,,,0,10,,19048,12,,,0,10,,19056,12,,,0,10,,19066,12,,,0,50,,19076,12,,,0,10,,19085,12,,,0,10,,19095,12,,,0,10,,19105,12,,,0,10,,19115,12,,,0,10,,19125,12,,,0,50,,19134,12,,,0,10,,19019,12,,,0,10,,19029,12,,,0,10,,19039,12,,,0,10,,19049,12,,,0,10,,19057,12,,,0,50,,19067,12,,,0,10,,19077,12,,,0,10,,19086,12,,,0,10,,19096,12,,,0,10,,19106,12,,,0,10,,19116,12,,,0,50,,19126,12,,,0,10,,19135,12,,,0,10,,19020,12,,,0,10,,19030,12,,,0,10,,19040,12,,,0,10,,19050,12,,,0,50,,19058,12,,,0,10,,19068,12,,,0,10,,19078,12,,,0,10,,19087,12,,,0,10,,19097,12,,,0,10,,19108,12,,,0,50,,19117,12,,,0,10,,19127,12,,,0,10,,19136,12,,,0,10,,19021,12,,,0,10,,19037,12,,,0,10,,19041,12,,,0,50,,19051,12,,,0,10,,19059,12,,,0,10,,19069,12,,,0,10,,19079,12,,,0,10,,19088,12,,,0,10,,19098,12,,,0,50,,19107,12,,,0,15,,19118,12,,,0,15,,19128,12,,,0,7,,19137,12,,,0,8,,19022,12,,,0,55,,19031,12,,,0,15,,19042,12,,,0,15,,19060,12,,,0,15,,19070,12,,,0,55,,19089,12,,,0,15,,19099,12,,,0,15,,19109,12,,,0,15,,19119,12,,,0,55,,19129,12,,,0,15,,19023,12,,,0,15,,19032,12,,,0,15,,19043,12,,,0,55,,19061,12,,,0
20101,'Sunday-00',523,,19138,12,,,0,10,,19148,12,,,0,10,,19158,12,,,0,10,,19168,12,,,0,50,,19176,12,,,0,10,,19186,12,,,0,10,,19196,12,,,0,10,,19205,12,,,0,10,,19215,12,,,0,10,,19225,12,,,0,50,,19235,12,,,0,10,,19245,12,,,0,10,,19254,12,,,0,10,,19139,12,,,0,10,,19149,12,,,0,10,,19159,12,,,0,50,,19169,12,,,0,10,,19178,12,,,0,10,,19187,12,,,0,10,,19197,12,,,0,10,,19206,12,,,0,10,,19216,12,,,0,50,,19226,12,,,0,10,,19236,12,,,0,10,,19246,12,,,0,10,,19255,12,,,0,10,,19140,12,,,0,10,,19150,12,,,0,50,,19160,12,,,0,10,,19170,12,,,0,10,,19177,12,,,0,10,,19188,12,,,0,10,,19198,12,,,0,10,,19207,12,,,0,50,,19217,12,,,0,10,,19228,12,,,0,10,,19237,12,,,0,10,,19247,12,,,0,10,,19256,12,,,0,10,,19141,12,,,0,50,,19151,12,,,0,10,,19161,12,,,0,10,,19171,12,,,0,10,,19179,12,,,0,10,,19189,12,,,0,10,,19199,12,,,0,50,,19208,12,,,0,10,,19218,12,,,0,10,,19227,12,,,0,10,,19238,12,,,0,10,,19248,12,,,0,10,,19257,12,,,0,50,,19142,12,,,0,10,,19152,12,,,0,10,,19162,12,,,0,10,,19172,12,,,0,10,,19180,12,,,0,10,,19190,12,,,0,50,,19200,12,,,0,10,,19209,12,,,0,10,,19219,12,,,0,10,,19229,12,,,0,10,,19239,12,,,0,10,,19249,12,,,0,50,,19258,12,,,0,10,,19143,12,,,0,10,,19153,12,,,0,10,,19163,12,,,0,10,,19173,12,,,0,10,,19181,12,,,0,50,,19191,12,,,0,10,,19201,12,,,0,10,,19210,12,,,0,10,,19220,12,,,0,10,,19230,12,,,0,10,,19240,12,,,0,50,,19250,12,,,0,10,,19259,12,,,0,10,,19145,12,,,0,10,,19154,12,,,0,10,,19164,12,,,0,10,,19174,12,,,0,50,,19182,12,,,0,10,,19192,12,,,0,10,,19202,12,,,0,10,,19211,12,,,0,10,,19221,12,,,0,10,,19231,12,,,0,50,,19241,12,,,0,10,,19251,12,,,0,10,,19260,12,,,0,10,,19144,12,,,0,10,,19155,12,,,0,10,,19165,12,,,0,50,,19175,12,,,0,10,,19183,12,,,0,10,,19193,12,,,0,10,,19203,12,,,0,10,,19213,12,,,0,10,,19222,12,,,0,50,,19232,12,,,0,15,,19242,12,,,0,15,,19252,12,,,0,7,,19261,12,,,0,8,,19146,12,,,0,55,,19156,12,,,0,15,,19166,12,,,0,15,,19184,12,,,0,15,,19194,12,,,0,55,,19212,12,,,0,15,,19223,12,,,0,15,,19233,12,,,0,15,,19243,12,,,0,55,,19253,12,,,0,15,,19147,12,,,0,15,,19157,12,,,0,15,,19167,12,,,0,55,,19185,12,,,0
20101,'Weekday-00',459,,19262,12,,,0,48,,19263,12,,,0,17,,19426,12,,,0,5,,19265,12,,,0,10,,19266,12,,,0,10,,19267,12,,,0,5,,19404,12,,,0,5,,19264,12,,,0,45,,19405,12,,,0,4,,19268,12,,,0,5,,19269,12,,,0,5,,19430,12,,,0,5,,19272,12,,,0,5,,19428,12,,,0,5,,19273,12,,,0,5,,19270,12,,,0,5,,19271,12,,,0,5,,19274,12,,,0,5,,19275,12,,,0,5,,19276,12,,,0,45,,19277,12,,,0,5,,19278,12,,,0,5,,19279,12,,,0,5,,19280,12,,,0,5,,19281,12,,,0,5,,19282,12,,,0,5,,19283,12,,,0,4,,19284,12,,,0,6,,19285,12,,,0,5,,19286,12,,,0,5,,19287,12,,,0,5,,19288,12,,,0,45,,19289,12,,,0,5,,19290,12,,,0,5,,19292,12,,,0,5,,19293,12,,,0,5,,19294,12,,,0,5,,19291,12,,,0,5,,19295,12,,,0,5,,19296,12,,,0,5,,19297,12,,,0,5,,19298,12,,,0,5,,19299,12,,,0,6,,19300,12,,,0,46,,19301,12,,,0,5,,19302,12,,,0,5,,19303,12,,,0,5,,19304,12,,,0,5,,19305,12,,,0,5,,19306,12,,,0,5,,19436,12,,,0,5,,19307,12,,,0,4,,19435,12,,,0,5,,19308,12,,,0,5,,19437,12,,,0,46,,19309,12,,,0,5,,19438,12,,,0,5,,19310,12,,,0,10,,19311,12,,,0,10,,19313,12,,,0,10,,19314,12,,,0,10,,19315,12,,,0,50,,19312,12,,,0,10,,19316,12,,,0,10,,19317,12,,,0,10,,19318,12,,,0,10,,19319,12,,,0,10,,19320,12,,,0,50,,19321,12,,,0,6,,19322,12,,,0,14,,19323,12,,,0,10,,19324,12,,,0,10,,19325,12,,,0,10,,19326,12,,,0,50,,19327,12,,,0,10,,19329,12,,,0,10,,19330,12,,,0,10,,19331,12,,,0,10,,19328,12,,,0,10,,19332,12,,,0,50,,19333,12,,,0,10,,19334,12,,,0,10,,19335,12,,,0,8,,19336,12,,,0,12,,19337,12,,,0,8,,19338,12,,,0,10,,19340,12,,,0,50,,19341,12,,,0,5,,19429,12,,,0,5,,19342,12,,,0,5,,19339,12,,,0,5,,19343,12,,,0,5,,19344,12,,,0,5,,19347,12,,,0,4,,19348,12,,,0,4,,19444,12,,,0,2,,19345,12,,,0,5,,19346,12,,,0,5,,19349,12,,,0,45,,19350,12,,,0,5,,19351,12,,,0,5,,19352,12,,,0,5,,19353,12,,,0,5,,19354,12,,,0,5,,19355,12,,,0,5,,19356,12,,,0,4,,19357,12,,,0,6,,19358,12,,,0,5,,19359,12,,,0,5,,19360,12,,,0,5,,19361,12,,,0,45,,19362,12,,,0,5,,19363,12,,,0,5,,19364,12,,,0,5,,19365,12,,,0,5,,19366,12,,,0,5,,19367,12,,,0,5,,19368,12,,,0,5,,19369,12,,,0,4,,19370,12,,,0,5,,19371,12,,,0,5,,19372,12,,,0,5,,19445,12,,,0,45,,19373,12,,,0,4,,19374,12,,,0,5,,19375,12,,,0,5,,19376,12,,,0,5,,19377,12,,,0,5,,19378,12,,,0,4,,19379,12,,,0,4,,19442,12,,,0,11,,19380,12,,,0,6,,19381,12,,,0,50,,19382,12,,,0,5,,19443,12,,,0,5,,19383,12,,,0,5,,19403,12,,,0,5,,19384,12,,,0,12,,19385,12,,,0,8,,19386,12,,,0,10,,19388,12,,,0,50,,19389,12,,,0,10,,19390,12,,,0,10,,19387,12,,,0,10,,19391,12,,,0,10,,19392,12,,,0,10,,19393,12,,,0,50,,19394,12,,,0,10,,19395,12,,,0,11,,19396,12,,,0,14,,19407,12,,,0,8,,19424,12,,,0,8,,19406,12,,,0,7,,19425,12,,,0,47,,19408,12,,,0,15,,19409,12,,,0,15,,19410,12,,,0,15,,19411,12,,,0,55,,19412,12,,,0,15,,19413,12,,,0,15,,19414,12,,,0,15,,19415,12,,,0,55,,19416,12,,,0,15,,19417,12,,,0,15,,19418,12,,,0,15,,19419,12,,,0,55,,19420,12,,,0,15,,19421,12,,,0,15,,19422,12,,,0,15,,19423,12,,,0,55,,19402,12,,,0
20101,'LR3Sep30-Saturday-01',459,,19461,12,,,0,50,,19469,12,,,0,10,,19489,12,,,0,10,,19596,12,,,0,10,,19599,12,,,0,7,,19508,12,,,0,7,,19516,12,,,0,6,,19527,12,,,0,47,,19536,12,,,0,8,,19602,12,,,0,8,,19546,12,,,0,6,,19555,12,,,0,7,,19565,12,,,0,7,,19604,12,,,0,7,,19575,12,,,0,7,,19585,12,,,0,47,,19594,12,,,0,7,,19462,12,,,0,7,,19470,12,,,0,7,,19480,12,,,0,7,,19490,12,,,0,7,,19597,12,,,0,7,,19498,12,,,0,7,,19600,12,,,0,7,,19509,12,,,0,47,,19517,12,,,0,7,,19528,12,,,0,7,,19537,12,,,0,7,,19603,12,,,0,7,,19547,12,,,0,7,,19556,12,,,0,7,,19566,12,,,0,7,,19605,12,,,0,47,,19576,12,,,0,7,,19586,12,,,0,7,,19595,12,,,0,6,,19463,12,,,0,7,,19471,12,,,0,11,,19481,12,,,0,9,,19491,12,,,0,5,,19598,12,,,0,46,,19499,12,,,0,7,,19601,12,,,0,4,,19510,12,,,0,9,,19518,12,,,0,9,,19529,12,,,0,11,,19538,12,,,0,10,,19548,12,,,0,50,,19557,12,,,0,10,,19567,12,,,0,10,,19577,12,,,0,10,,19587,12,,,0,10,,19464,12,,,0,10,,19472,12,,,0,50,,19482,12,,,0,10,,19492,12,,,0,10,,19500,12,,,0,10,,19511,12,,,0,10,,19519,12,,,0,10,,19530,12,,,0,50,,19539,12,,,0,10,,19549,12,,,0,10,,19558,12,,,0,10,,19568,12,,,0,10,,19578,12,,,0,10,,19588,12,,,0,50,,19465,12,,,0,10,,19473,12,,,0,10,,19483,12,,,0,8,,19493,12,,,0,12,,19501,12,,,0,8,,19512,12,,,0,6,,19520,12,,,0,48,,19531,12,,,0,9,,19606,12,,,0,9,,19540,12,,,0,7,,19550,12,,,0,4,,19608,12,,,0,6,,19559,12,,,0,6,,19569,12,,,0,6,,19611,12,,,0,7,,19579,12,,,0,46,,19589,12,,,0,7,,19613,12,,,0,7,,19466,12,,,0,7,,19474,12,,,0,7,,19615,12,,,0,7,,19484,12,,,0,7,,19494,12,,,0,7,,19617,12,,,0,7,,19502,12,,,0,47,,19513,12,,,0,7,,19521,12,,,0,7,,19532,12,,,0,7,,19607,12,,,0,7,,19541,12,,,0,7,,19551,12,,,0,7,,19609,12,,,0,7,,19560,12,,,0,46,,19570,12,,,0,7,,19612,12,,,0,7,,19580,12,,,0,7,,19590,12,,,0,6,,19614,12,,,0,5,,19467,12,,,0,5,,19475,12,,,0,6,,19616,12,,,0,6,,19485,12,,,0,7,,19495,12,,,0,47,,19618,12,,,0,7,,19503,12,,,0,7,,19514,12,,,0,7,,19522,12,,,0,8,,19533,12,,,0,6,,19542,12,,,0,6,,19552,12,,,0,8,,19610,12,,,0,49,,19561,12,,,0,10,,19571,12,,,0,10,,19581,12,,,0,10,,19591,12,,,0,10,,19468,12,,,0,10,,19476,12,,,0,50,,19486,12,,,0,10,,19496,12,,,0,11,,19504,12,,,0,14,,19523,12,,,0,8,,19534,12,,,0,8,,19543,12,,,0,7,,19553,12,,,0,47,,19562,12,,,0,15,,19572,12,,,0,15,,19582,12,,,0,15,,19592,12,,,0,55,,19477,12,,,0,15,,19487,12,,,0,15,,19505,12,,,0,15,,19524,12,,,0,55,,19544,12,,,0,15,,19563,12,,,0,15,,19573,12,,,0,15,,19583,12,,,0,55,,19593,12,,,0,15,,19478,12,,,0,15,,19488,12,,,0,15,,19506,12,,,0,55,,19525,12,,,0
20101,'pT1Sep07-Sunday-00',523,,21272,12,,,0,10,,21282,12,,,0,10,,21292,12,,,0,10,,21302,12,,,0,50,,21310,12,,,0,10,,21320,12,,,0,10,,21330,12,,,0,10,,21338,12,,,0,10,,21349,12,,,0,10,,21359,12,,,0,50,,21369,12,,,0,10,,21379,12,,,0,10,,21388,12,,,0,10,,21273,12,,,0,10,,21283,12,,,0,10,,21293,12,,,0,50,,21303,12,,,0,10,,21312,12,,,0,10,,21321,12,,,0,10,,21331,12,,,0,10,,21340,12,,,0,10,,21350,12,,,0,50,,21360,12,,,0,10,,21371,12,,,0,10,,21380,12,,,0,10,,21389,12,,,0,10,,21274,12,,,0,10,,21284,12,,,0,50,,21294,12,,,0,10,,21304,12,,,0,10,,21311,12,,,0,10,,21322,12,,,0,10,,21332,12,,,0,10,,21341,12,,,0,50,,21351,12,,,0,10,,21362,12,,,0,10,,21370,12,,,0,10,,21381,12,,,0,10,,21390,12,,,0,10,,21275,12,,,0,50,,21285,12,,,0,10,,21296,12,,,0,10,,21305,12,,,0,10,,21313,12,,,0,10,,21323,12,,,0,10,,21333,12,,,0,50,,21342,12,,,0,10,,21352,12,,,0,10,,21361,12,,,0,10,,21372,12,,,0,10,,21382,12,,,0,10,,21391,12,,,0,50,,21276,12,,,0,10,,21286,12,,,0,10,,21295,12,,,0,10,,21306,12,,,0,10,,21314,12,,,0,10,,21324,12,,,0,50,,21334,12,,,0,10,,21343,12,,,0,10,,21353,12,,,0,10,,21363,12,,,0,10,,21373,12,,,0,10,,21383,12,,,0,50,,21392,12,,,0,10,,21277,12,,,0,10,,21287,12,,,0,10,,21297,12,,,0,10,,21307,12,,,0,10,,21315,12,,,0,50,,21326,12,,,0,10,,21335,12,,,0,10,,21344,12,,,0,10,,21354,12,,,0,10,,21364,12,,,0,10,,21374,12,,,0,50,,21384,12,,,0,10,,21393,12,,,0,10,,21279,12,,,0,10,,21288,12,,,0,10,,21298,12,,,0,10,,21308,12,,,0,50,,21316,12,,,0,10,,21325,12,,,0,10,,21336,12,,,0,10,,21345,12,,,0,10,,21355,12,,,0,10,,21365,12,,,0,50,,21375,12,,,0,10,,21385,12,,,0,10,,21394,12,,,0,10,,21278,12,,,0,10,,21289,12,,,0,10,,21299,12,,,0,50,,21309,12,,,0,10,,21317,12,,,0,10,,21327,12,,,0,10,,21337,12,,,0,10,,21347,12,,,0,10,,21356,12,,,0,50,,21366,12,,,0,15,,21376,12,,,0,15,,21386,12,,,0,7,,21395,12,,,0,8,,21280,12,,,0,55,,21290,12,,,0,15,,21300,12,,,0,15,,21318,12,,,0,15,,21328,12,,,0,55,,21346,12,,,0,15,,21357,12,,,0,15,,21367,12,,,0,15,,21377,12,,,0,55,,21387,12,,,0,15,,21281,12,,,0,15,,21291,12,,,0,15,,21301,12,,,0,55,,21319,12,,,0
20101,'pT5Sep04-Weekday-00',459,,21396,12,,,0,48,,21397,12,,,0,17,,21560,12,,,0,5,,21399,12,,,0,10,,21400,12,,,0,10,,21401,12,,,0,5,,21538,12,,,0,5,,21398,12,,,0,45,,21539,12,,,0,4,,21402,12,,,0,5,,21403,12,,,0,5,,21564,12,,,0,5,,21407,12,,,0,5,,21562,12,,,0,5,,21404,12,,,0,5,,21405,12,,,0,5,,21406,12,,,0,5,,21408,12,,,0,5,,21409,12,,,0,5,,21410,12,,,0,45,,21411,12,,,0,5,,21412,12,,,0,5,,21413,12,,,0,5,,21414,12,,,0,5,,21415,12,,,0,5,,21416,12,,,0,5,,21417,12,,,0,4,,21418,12,,,0,6,,21419,12,,,0,5,,21420,12,,,0,5,,21421,12,,,0,5,,21422,12,,,0,45,,21423,12,,,0,5,,21424,12,,,0,5,,21426,12,,,0,5,,21427,12,,,0,5,,21428,12,,,0,5,,21425,12,,,0,5,,21429,12,,,0,5,,21430,12,,,0,5,,21431,12,,,0,5,,21432,12,,,0,5,,21433,12,,,0,6,,21434,12,,,0,46,,21435,12,,,0,5,,21436,12,,,0,5,,21437,12,,,0,5,,21438,12,,,0,5,,21439,12,,,0,5,,21440,12,,,0,5,,21570,12,,,0,5,,21441,12,,,0,4,,21569,12,,,0,5,,21442,12,,,0,5,,21571,12,,,0,46,,21443,12,,,0,5,,21572,12,,,0,5,,21444,12,,,0,10,,21445,12,,,0,10,,21447,12,,,0,10,,21448,12,,,0,10,,21449,12,,,0,50,,21446,12,,,0,10,,21450,12,,,0,10,,21451,12,,,0,10,,21452,12,,,0,10,,21453,12,,,0,10,,21454,12,,,0,50,,21455,12,,,0,6,,21456,12,,,0,14,,21457,12,,,0,10,,21458,12,,,0,10,,21459,12,,,0,10,,21460,12,,,0,50,,21461,12,,,0,10,,21463,12,,,0,10,,21464,12,,,0,10,,21465,12,,,0,10,,21462,12,,,0,10,,21466,12,,,0,50,,21467,12,,,0,10,,21468,12,,,0,10,,21469,12,,,0,8,,21470,12,,,0,12,,21471,12,,,0,8,,21472,12,,,0,10,,21474,12,,,0,50,,21475,12,,,0,5,,21563,12,,,0,5,,21476,12,,,0,5,,21473,12,,,0,5,,21477,12,,,0,5,,21479,12,,,0,5,,21478,12,,,0,4,,21482,12,,,0,4,,21578,12,,,0,2,,21480,12,,,0,5,,21481,12,,,0,5,,21483,12,,,0,45,,21484,12,,,0,5,,21485,12,,,0,5,,21486,12,,,0,5,,21487,12,,,0,5,,21488,12,,,0,5,,21489,12,,,0,5,,21490,12,,,0,4,,21491,12,,,0,6,,21492,12,,,0,5,,21493,12,,,0,5,,21494,12,,,0,5,,21495,12,,,0,45,,21496,12,,,0,5,,21497,12,,,0,5,,21498,12,,,0,5,,21499,12,,,0,5,,21500,12,,,0,5,,21501,12,,,0,5,,21502,12,,,0,5,,21503,12,,,0,4,,21504,12,,,0,5,,21505,12,,,0,5,,21506,12,,,0,5,,21579,12,,,0,45,,21507,12,,,0,4,,21508,12,,,0,5,,21509,12,,,0,5,,21510,12,,,0,5,,21511,12,,,0,5,,21512,12,,,0,4,,21513,12,,,0,4,,21576,12,,,0,11,,21514,12,,,0,6,,21515,12,,,0,50,,21516,12,,,0,5,,21577,12,,,0,5,,21517,12,,,0,5,,21537,12,,,0,5,,21518,12,,,0,12,,21519,12,,,0,8,,21520,12,,,0,10,,21522,12,,,0,50,,21523,12,,,0,10,,21524,12,,,0,10,,21521,12,,,0,10,,21525,12,,,0,10,,21526,12,,,0,10,,21527,12,,,0,50,,21528,12,,,0,10,,21529,12,,,0,11,,21530,12,,,0,14,,21541,12,,,0,8,,21558,12,,,0,8,,21540,12,,,0,7,,21559,12,,,0,47,,21542,12,,,0,15,,21543,12,,,0,15,,21544,12,,,0,15,,21545,12,,,0,55,,21546,12,,,0,15,,21547,12,,,0,15,,21548,12,,,0,15,,21549,12,,,0,55,,21551,12,,,0,15,,21552,12,,,0,15,,21553,12,,,0,15,,21550,12,,,0,55,,21554,12,,,0,15,,21555,12,,,0,15,,21556,12,,,0,15,,21557,12,,,0,55,,21536,12,,,0
20101,'pT6Sep05-Saturday-00',523,,21595,12,,,0,10,,21605,12,,,0,10,,21614,12,,,0,10,,21625,12,,,0,50,,21633,12,,,0,10,,21643,12,,,0,10,,21654,12,,,0,10,,21662,12,,,0,10,,21672,12,,,0,10,,21682,12,,,0,50,,21692,12,,,0,10,,21702,12,,,0,10,,21711,12,,,0,10,,21596,12,,,0,10,,21606,12,,,0,10,,21615,12,,,0,50,,21626,12,,,0,10,,21634,12,,,0,10,,21644,12,,,0,10,,21652,12,,,0,10,,21663,12,,,0,10,,21673,12,,,0,50,,21683,12,,,0,10,,21693,12,,,0,10,,21703,12,,,0,10,,21712,12,,,0,10,,21597,12,,,0,10,,21607,12,,,0,50,,21616,12,,,0,10,,21627,12,,,0,10,,21635,12,,,0,10,,21645,12,,,0,10,,21655,12,,,0,10,,21664,12,,,0,50,,21674,12,,,0,10,,21684,12,,,0,10,,21694,12,,,0,10,,21704,12,,,0,10,,21713,12,,,0,10,,21598,12,,,0,50,,21608,12,,,0,10,,21617,12,,,0,10,,21628,12,,,0,10,,21636,12,,,0,10,,21646,12,,,0,10,,21656,12,,,0,50,,21665,12,,,0,10,,21675,12,,,0,10,,21685,12,,,0,10,,21695,12,,,0,10,,21705,12,,,0,10,,21714,12,,,0,50,,21599,12,,,0,10,,21609,12,,,0,10,,21619,12,,,0,10,,21629,12,,,0,10,,21637,12,,,0,10,,21647,12,,,0,50,,21657,12,,,0,10,,21666,12,,,0,10,,21676,12,,,0,10,,21686,12,,,0,10,,21696,12,,,0,10,,21706,12,,,0,50,,21716,12,,,0,10,,21600,12,,,0,10,,21610,12,,,0,10,,21620,12,,,0,10,,21630,12,,,0,10,,21638,12,,,0,50,,21648,12,,,0,10,,21658,12,,,0,10,,21667,12,,,0,10,,21677,12,,,0,10,,21687,12,,,0,10,,21697,12,,,0,50,,21707,12,,,0,10,,21715,12,,,0,10,,21601,12,,,0,10,,21611,12,,,0,10,,21621,12,,,0,10,,21631,12,,,0,50,,21639,12,,,0,10,,21649,12,,,0,10,,21659,12,,,0,10,,21668,12,,,0,10,,21678,12,,,0,10,,21689,12,,,0,50,,21698,12,,,0,10,,21708,12,,,0,10,,21717,12,,,0,10,,21602,12,,,0,10,,21618,12,,,0,10,,21622,12,,,0,50,,21632,12,,,0,10,,21640,12,,,0,10,,21650,12,,,0,10,,21660,12,,,0,10,,21669,12,,,0,10,,21679,12,,,0,50,,21688,12,,,0,15,,21700,12,,,0,15,,21709,12,,,0,7,,21718,12,,,0,8,,21603,12,,,0,55,,21612,12,,,0,15,,21623,12,,,0,15,,21641,12,,,0,15,,21651,12,,,0,55,,21670,12,,,0,15,,21680,12,,,0,15,,21690,12,,,0,15,,21701,12,,,0,55,,21710,12,,,0,15,,21604,12,,,0,15,,21613,12,,,0,15,,21624,12,,,0,55,,21642,12,,,0
20101,'pT7Sep06-Sunday-00',523,,21719,12,,,0,10,,21729,12,,,0,10,,21739,12,,,0,10,,21749,12,,,0,50,,21757,12,,,0,10,,21767,12,,,0,10,,21778,12,,,0,10,,21786,12,,,0,10,,21796,12,,,0,10,,21806,12,,,0,50,,21816,12,,,0,10,,21826,12,,,0,10,,21835,12,,,0,10,,21720,12,,,0,10,,21730,12,,,0,10,,21740,12,,,0,50,,21750,12,,,0,10,,21759,12,,,0,10,,21768,12,,,0,10,,21777,12,,,0,10,,21787,12,,,0,10,,21797,12,,,0,50,,21807,12,,,0,10,,21817,12,,,0,10,,21827,12,,,0,10,,21836,12,,,0,10,,21721,12,,,0,10,,21731,12,,,0,50,,21741,12,,,0,10,,21751,12,,,0,10,,21758,12,,,0,10,,21769,12,,,0,10,,21779,12,,,0,10,,21788,12,,,0,50,,21798,12,,,0,10,,21809,12,,,0,10,,21818,12,,,0,10,,21828,12,,,0,10,,21837,12,,,0,10,,21722,12,,,0,50,,21732,12,,,0,10,,21742,12,,,0,10,,21752,12,,,0,10,,21760,12,,,0,10,,21770,12,,,0,10,,21780,12,,,0,50,,21789,12,,,0,10,,21799,12,,,0,10,,21808,12,,,0,10,,21819,12,,,0,10,,21829,12,,,0,10,,21838,12,,,0,50,,21723,12,,,0,10,,21733,12,,,0,10,,21743,12,,,0,10,,21753,12,,,0,10,,21761,12,,,0,10,,21771,12,,,0,50,,21781,12,,,0,10,,21790,12,,,0,10,,21800,12,,,0,10,,21810,12,,,0,10,,21820,12,,,0,10,,21830,12,,,0,50,,21839,12,,,0,10,,21724,12,,,0,10,,21734,12,,,0,10,,21744,12,,,0,10,,21754,12,,,0,10,,21762,12,,,0,50,,21772,12,,,0,10,,21782,12,,,0,10,,21791,12,,,0,10,,21801,12,,,0,10,,21811,12,,,0,10,,21821,12,,,0,50,,21831,12,,,0,10,,21840,12,,,0,10,,21726,12,,,0,10,,21735,12,,,0,10,,21745,12,,,0,10,,21755,12,,,0,50,,21763,12,,,0,10,,21773,12,,,0,10,,21783,12,,,0,10,,21792,12,,,0,10,,21802,12,,,0,10,,21813,12,,,0,50,,21822,12,,,0,10,,21832,12,,,0,10,,21841,12,,,0,10,,21725,12,,,0,10,,21736,12,,,0,10,,21746,12,,,0,50,,21756,12,,,0,10,,21764,12,,,0,10,,21774,12,,,0,10,,21784,12,,,0,10,,21794,12,,,0,10,,21803,12,,,0,50,,21812,12,,,0,15,,21823,12,,,0,15,,21833,12,,,0,7,,21842,12,,,0,8,,21727,12,,,0,55,,21737,12,,,0,15,,21747,12,,,0,15,,21765,12,,,0,15,,21775,12,,,0,55,,21793,12,,,0,15,,21804,12,,,0,15,,21814,12,,,0,15,,21824,12,,,0,55,,21834,12,,,0,15,,21728,12,,,0,15,,21738,12,,,0,15,,21748,12,,,0,55,,21766,12,,,0
20200,'Saturday-00',530,,19627,10,,,0,10,,19637,10,,,0,10,,19649,10,,,0,50,,19659,10,,,0,10,,19672,10,,,0,10,,19684,10,,,0,10,,19694,10,,,0,10,,19706,10,,,0,10,,19718,10,,,0,50,,19728,10,,,0,10,,19740,10,,,0,10,,19628,10,,,0,10,,19638,10,,,0,10,,19650,10,,,0,10,,19660,10,,,0,50,,19673,10,,,0,10,,19685,10,,,0,10,,19695,10,,,0,10,,19707,10,,,0,10,,19719,10,,,0,10,,19729,10,,,0,50,,19741,10,,,0,10,,19629,10,,,0,10,,19639,10,,,0,10,,19651,10,,,0,10,,19661,10,,,0,10,,19674,10,,,0,50,,19686,10,,,0,10,,19696,10,,,0,10,,19708,10,,,0,10,,19720,10,,,0,10,,19730,10,,,0,10,,19742,10,,,0,50,,19630,10,,,0,10,,19640,10,,,0,10,,19652,10,,,0,10,,19662,10,,,0,10,,19675,10,,,0,10,,19687,10,,,0,50,,19697,10,,,0,10,,19709,10,,,0,10,,19721,10,,,0,10,,19731,10,,,0,10,,19743,10,,,0,10,,19631,10,,,0,50,,19641,10,,,0,10,,19653,10,,,0,10,,19663,10,,,0,10,,19676,10,,,0,10,,19688,10,,,0,10,,19698,10,,,0,50,,19710,10,,,0,10,,19722,10,,,0,10,,19732,10,,,0,10,,19744,10,,,0,10,,19632,10,,,0,10,,19642,10,,,0,50,,19654,10,,,0,10,,19665,10,,,0,10,,19677,10,,,0,10,,19689,10,,,0,10,,19699,10,,,0,10,,19711,10,,,0,50,,19723,10,,,0,10,,19733,10,,,0,10,,19745,10,,,0,10,,19633,10,,,0,10,,19643,10,,,0,10,,19655,10,,,0,50,,19664,10,,,0,10,,19678,10,,,0,10,,19690,10,,,0,10,,19700,10,,,0,10,,19712,10,,,0,10,,19724,10,,,0,50,,19734,10,,,0,10,,19746,10,,,0,10,,19634,10,,,0,10,,19644,10,,,0,10,,19656,10,,,0,10,,19666,10,,,0,50,,19679,10,,,0,10,,19691,10,,,0,10,,19701,10,,,0,10,,19713,10,,,0,10,,19725,10,,,0,10,,19736,10,,,0,50,,19747,10,,,0,10,,19635,10,,,0,10,,19645,10,,,0,10,,19657,10,,,0,10,,19667,10,,,0,10,,19680,10,,,0,50,,19692,10,,,0,10,,19702,10,,,0,10,,19714,10,,,0,10,,19726,10,,,0,10,,19735,10,,,0,10,,19748,10,,,0,50,,19636,10,,,0,8,,19646,10,,,0,15,,19668,10,,,0,15,,19681,10,,,0,15,,19703,10,,,0,55,,19715,10,,,0,15,,19737,10,,,0,15,,19749,10,,,0,15,,19647,10,,,0,55,,19669,10,,,0,15,,19682,10,,,0,15,,19704,10,,,0,15,,19716,10,,,0,55,,19738,10,,,0,15,,19750,10,,,0,15,,19648,10,,,0,15,,19670,10,,,0
20200,'Sunday-00',530,,19751,10,,,0,10,,19761,10,,,0,10,,19773,10,,,0,50,,19782,10,,,0,10,,19796,10,,,0,10,,19808,10,,,0,10,,19819,10,,,0,10,,19830,10,,,0,10,,19842,10,,,0,50,,19852,10,,,0,10,,19864,10,,,0,10,,19753,10,,,0,10,,19762,10,,,0,10,,19774,10,,,0,10,,19786,10,,,0,50,,19797,10,,,0,10,,19809,10,,,0,10,,19818,10,,,0,10,,19831,10,,,0,10,,19843,10,,,0,10,,19853,10,,,0,50,,19865,10,,,0,10,,19752,10,,,0,10,,19763,10,,,0,10,,19775,10,,,0,10,,19783,10,,,0,10,,19798,10,,,0,50,,19810,10,,,0,10,,19820,10,,,0,10,,19832,10,,,0,10,,19844,10,,,0,10,,19854,10,,,0,10,,19866,10,,,0,50,,19754,10,,,0,10,,19764,10,,,0,10,,19776,10,,,0,10,,19784,10,,,0,10,,19799,10,,,0,10,,19811,10,,,0,50,,19821,10,,,0,10,,19833,10,,,0,10,,19845,10,,,0,10,,19856,10,,,0,10,,19867,10,,,0,10,,19755,10,,,0,50,,19765,10,,,0,10,,19777,10,,,0,10,,19787,10,,,0,10,,19800,10,,,0,10,,19812,10,,,0,10,,19822,10,,,0,50,,19834,10,,,0,10,,19846,10,,,0,10,,19855,10,,,0,10,,19868,10,,,0,10,,19756,10,,,0,10,,19766,10,,,0,50,,19778,10,,,0,10,,19788,10,,,0,10,,19801,10,,,0,10,,19813,10,,,0,10,,19823,10,,,0,10,,19835,10,,,0,50,,19847,10,,,0,10,,19857,10,,,0,10,,19869,10,,,0,10,,19757,10,,,0,10,,19767,10,,,0,10,,19779,10,,,0,50,,19789,10,,,0,10,,19802,10,,,0,10,,19814,10,,,0,10,,19824,10,,,0,10,,19836,10,,,0,10,,19848,10,,,0,50,,19858,10,,,0,10,,19870,10,,,0,10,,19758,10,,,0,10,,19768,10,,,0,10,,19780,10,,,0,10,,19790,10,,,0,50,,19803,10,,,0,10,,19815,10,,,0,10,,19825,10,,,0,10,,19837,10,,,0,10,,19849,10,,,0,10,,19859,10,,,0,50,,19871,10,,,0,10,,19759,10,,,0,10,,19769,10,,,0,10,,19785,10,,,0,10,,19791,10,,,0,10,,19804,10,,,0,50,,19816,10,,,0,10,,19826,10,,,0,10,,19838,10,,,0,10,,19850,10,,,0,10,,19860,10,,,0,10,,19872,10,,,0,50,,19760,10,,,0,8,,19770,10,,,0,15,,19792,10,,,0,15,,19805,10,,,0,15,,19827,10,,,0,55,,19839,10,,,0,15,,19861,10,,,0,15,,19873,10,,,0,15,,19771,10,,,0,55,,19793,10,,,0,15,,19806,10,,,0,15,,19828,10,,,0,15,,19840,10,,,0,55,,19862,10,,,0,15,,19874,10,,,0,15,,19772,10,,,0,15,,19794,10,,,0
20200,'Weekday-00',450,,19875,10,,,0,52,,19876,10,,,0,9,,19877,10,,,0,11,,19878,10,,,0,10,,19879,10,,,0,10,,19880,10,,,0,10,,19881,10,,,0,49,,19882,10,,,0,9,,19883,10,,,0,10,,19884,10,,,0,5,,19885,10,,,0,5,,19886,10,,,0,5,,19887,10,,,0,5,,19888,10,,,0,5,,19889,10,,,0,5,,19890,10,,,0,5,,19891,10,,,0,45,,19892,10,,,0,5,,19893,10,,,0,5,,19894,10,,,0,5,,19895,10,,,0,5,,19897,10,,,0,5,,19898,10,,,0,5,,19899,10,,,0,5,,19896,10,,,0,5,,19900,10,,,0,5,,19902,10,,,0,5,,19903,10,,,0,5,,19904,10,,,0,45,,19901,10,,,0,5,,19905,10,,,0,5,,19906,10,,,0,5,,19908,10,,,0,5,,19909,10,,,0,5,,19910,10,,,0,5,,19907,10,,,0,5,,19911,10,,,0,5,,19912,10,,,0,5,,19915,10,,,0,5,,19916,10,,,0,5,,19913,10,,,0,46,,19914,10,,,0,5,,19917,10,,,0,5,,19918,10,,,0,5,,19919,10,,,0,5,,19920,10,,,0,5,,20031,10,,,0,5,,19921,10,,,0,5,,20032,10,,,0,5,,19922,10,,,0,5,,20029,10,,,0,5,,19923,10,,,0,50,,19924,10,,,0,10,,19925,10,,,0,10,,19926,10,,,0,10,,19927,10,,,0,6,,19928,10,,,0,10,,19929,10,,,0,10,,19930,10,,,0,50,,19931,10,,,0,10,,19932,10,,,0,10,,19933,10,,,0,10,,19934,10,,,0,10,,19935,10,,,0,10,,19936,10,,,0,50,,19937,10,,,0,10,,19938,10,,,0,10,,19939,10,,,0,10,,19940,10,,,0,10,,19941,10,,,0,10,,19942,10,,,0,50,,19943,10,,,0,10,,19944,10,,,0,10,,19945,10,,,0,10,,19946,10,,,0,10,,19947,10,,,0,10,,19948,10,,,0,50,,19949,10,,,0,10,,19950,10,,,0,12,,19951,10,,,0,8,,19952,10,,,0,13,,19953,10,,,0,50,,19954,10,,,0,10,,19955,10,,,0,5,,19956,10,,,0,5,,19957,10,,,0,5,,19958,10,,,0,5,,19959,10,,,0,5,,19960,10,,,0,5,,19961,10,,,0,4,,19962,10,,,0,6,,19963,10,,,0,5,,19964,10,,,0,45,,19965,10,,,0,5,,19966,10,,,0,5,,19967,10,,,0,5,,19968,10,,,0,5,,19969,10,,,0,5,,19970,10,,,0,5,,19971,10,,,0,5,,19973,10,,,0,5,,19974,10,,,0,5,,19975,10,,,0,5,,19972,10,,,0,5,,19977,10,,,0,45,,19978,10,,,0,5,,19979,10,,,0,5,,19976,10,,,0,5,,19980,10,,,0,5,,19981,10,,,0,5,,19983,10,,,0,5,,19984,10,,,0,5,,19985,10,,,0,5,,19982,10,,,0,5,,19986,10,,,0,5,,19987,10,,,0,5,,19990,10,,,0,45,,19991,10,,,0,4,,19988,10,,,0,5,,19989,10,,,0,5,,19992,10,,,0,5,,19993,10,,,0,5,,20028,10,,,0,5,,19994,10,,,0,4,,20030,10,,,0,4,,20024,10,,,0,3,,19995,10,,,0,4,,20025,10,,,0,5,,19996,10,,,0,5,,20026,10,,,0,5,,19997,10,,,0,45,,20027,10,,,0,5,,19998,10,,,0,10,,19999,10,,,0,10,,20000,10,,,0,10,,20001,10,,,0,10,,20002,10,,,0,10,,20003,10,,,0,50,,20004,10,,,0,10,,20005,10,,,0,10,,20006,10,,,0,10,,20007,10,,,0,10,,20008,10,,,0,10,,20009,10,,,0,49,,20010,10,,,0,12,,20039,10,,,0,14,,20040,10,,,0,8,,20038,10,,,0,8,,20041,10,,,0,54,,20042,10,,,0,15,,20043,10,,,0,15,,20044,10,,,0,15,,20046,10,,,0,55,,20047,10,,,0,15,,20048,10,,,0,15,,20045,10,,,0,15,,20049,10,,,0,55,,20050,10,,,0,15,,20051,10,,,0,15,,20052,10,,,0,15,,20053,10,,,0,55,,20054,10,,,0,15,,20055,10,,,0,15,,20056,10,,,0,20,,20011,10,,,0
20200,'LR3Sep30-Saturday-01',450,,20057,10,,,0,51,,20065,10,,,0,10,,20077,10,,,0,10,,20090,10,,,0,10,,20103,10,,,0,10,,20183,10,,,0,10,,20122,10,,,0,50,,20187,10,,,0,10,,20147,10,,,0,9,,20160,10,,,0,10,,20167,10,,,0,7,,20058,10,,,0,7,,20066,10,,,0,7,,20178,10,,,0,7,,20078,10,,,0,47,,20091,10,,,0,7,,20180,10,,,0,7,,20104,10,,,0,7,,20112,10,,,0,7,,20184,10,,,0,7,,20123,10,,,0,7,,20135,10,,,0,7,,20188,10,,,0,47,,20148,10,,,0,7,,20161,10,,,0,7,,20191,10,,,0,7,,20168,10,,,0,7,,20059,10,,,0,7,,20067,10,,,0,7,,20179,10,,,0,7,,20079,10,,,0,7,,20092,10,,,0,47,,20181,10,,,0,7,,20105,10,,,0,7,,20113,10,,,0,6,,20185,10,,,0,7,,20124,10,,,0,6,,20136,10,,,0,8,,20189,10,,,0,6,,20149,10,,,0,6,,20162,10,,,0,47,,20192,10,,,0,9,,20169,10,,,0,8,,20060,10,,,0,10,,20068,10,,,0,6,,20080,10,,,0,10,,20093,10,,,0,10,,20106,10,,,0,50,,20114,10,,,0,10,,20125,10,,,0,10,,20137,10,,,0,10,,20150,10,,,0,10,,20163,10,,,0,10,,20170,10,,,0,50,,20061,10,,,0,10,,20069,10,,,0,10,,20081,10,,,0,10,,20094,10,,,0,10,,20107,10,,,0,10,,20115,10,,,0,50,,20126,10,,,0,10,,20138,10,,,0,10,,20151,10,,,0,10,,20164,10,,,0,10,,20171,10,,,0,10,,20062,10,,,0,50,,20070,10,,,0,10,,20082,10,,,0,12,,20095,10,,,0,8,,20108,10,,,0,13,,20116,10,,,0,50,,20127,10,,,0,9,,20139,10,,,0,9,,20152,10,,,0,7,,20165,10,,,0,8,,20193,10,,,0,7,,20172,10,,,0,7,,20197,10,,,0,7,,20063,10,,,0,46,,20071,10,,,0,7,,20083,10,,,0,7,,20096,10,,,0,7,,20202,10,,,0,7,,20109,10,,,0,7,,20117,10,,,0,7,,20205,10,,,0,7,,20128,10,,,0,7,,20140,10,,,0,47,,20208,10,,,0,7,,20153,10,,,0,7,,20166,10,,,0,7,,20194,10,,,0,7,,20173,10,,,0,7,,20198,10,,,0,7,,20064,10,,,0,7,,20072,10,,,0,6,,20084,10,,,0,47,,20097,10,,,0,6,,20203,10,,,0,6,,20110,10,,,0,6,,20118,10,,,0,7,,20206,10,,,0,4,,20129,10,,,0,7,,20141,10,,,0,6,,20209,10,,,0,7,,20154,10,,,0,47,,20195,10,,,0,7,,20174,10,,,0,11,,20199,10,,,0,10,,20073,10,,,0,11,,20085,10,,,0,9,,20098,10,,,0,10,,20119,10,,,0,50,,20130,10,,,0,10,,20142,10,,,0,10,,20155,10,,,0,10,,20196,10,,,0,10,,20175,10,,,0,10,,20200,10,,,0,50,,20074,10,,,0,11,,20086,10,,,0,11,,20099,10,,,0,11,,20120,10,,,0,8,,20131,10,,,0,54,,20143,10,,,0,15,,20156,10,,,0,15,,20176,10,,,0,15,,20075,10,,,0,55,,20087,10,,,0,15,,20100,10,,,0,15,,20132,10,,,0,15,,20144,10,,,0,55,,20157,10,,,0,15,,20177,10,,,0,15,,20076,10,,,0,15,,20088,10,,,0,55,,20101,10,,,0,15,,20133,10,,,0,15,,20145,10,,,0,20,,20158,10,,,0
20200,'pT1Sep07-Sunday-00',434,,21843,10,0,18 19,0,10,,21865,10,0,18 19,0,10,,21887,10,0,18 19,0,50,,21909,10,0,18 19,0,10,,21931,10,0,18 19,0,10,,21952,10,0,18 19,0,10,,21844,10,0,18 19,0,10,,21866,10,0,18 19,0,10,,21888,10,0,18 19,0,50,,21910,10,0,18 19,0,10,,21932,10,0,18 19,0,10,,21953,10,0,18 19,0,10,,21845,10,0,18 19,0,10,,21867,10,0,18 19,0,10,,21889,10,0,18 19,0,50,,21911,10,0,18 19,0,10,,21933,10,0,18 19,0,10,,21954,10,0,18 19,0,10,,21846,10,0,18 19,0,10,,21868,10,0,18 19,0,10,,21890,10,0,18 19,0,50,,21912,10,0,18 19,0,10,,21934,10,0,18 19,0,10,,21955,10,0,18 19,0,10,,21847,10,0,18 19,0,10,,21869,10,0,18 19,0,10,,21891,10,0,18 19,0,50,,21913,10,0,18 19,0,10,,21935,10,0,18 19,0,10,,21956,10,0,18 19,0,10,,21848,10,0,18 19,0,10,,21870,10,0,18 19,0,10,,21892,10,0,18 19,0,50,,21914,10,0,18 19,0,10,,21936,10,0,18 19,0,10,,21957,10,0,18 19,0,10,,21849,10,0,18 19,0,10,,21871,10,0,18 19,0,10,,21893,10,0,18 19,0,50,,21915,10,0,18 19,0,10,,21937,10,0,18 19,0,10,,21958,10,0,18 19,0,10,,21850,10,0,18 19,0,10,,21872,10,0,18 19,0,10,,21894,10,0,18 19,0,50,,21916,10,0,18 19,0,10,,21938,10,0,18 19,0,10,,21959,10,0,18 19,0,10,,21851,10,0,18 19,0,10,,21873,10,0,18 19,0,10,,21895,10,0,18 19,0,50,,21917,10,0,18 19,0,10,,21939,10,0,18 19,0,10,,21960,10,0,18 19,0,10,,21852,10,0,18 19,0,10,,21874,10,0,18 19,0,10,,21896,10,0,18 19,0,50,,21918,10,0,18 19,0,10,,21940,10,0,18 19,0,10,,21961,10,0,18 19,0,10,,21853,10,0,18 19,0,10,,21875,10,0,18 19,0,10,,21897,10,0,18 19,0,50,,21919,10,0,18 19,0,10,,21941,10,0,18 19,0,10,,21962,10,0,18 19,0,10,,21854,10,0,18 19,0,10,,21876,10,0,18 19,0,10,,21898,10,0,18 19,0,50,,21920,10,0,18 19,0,10,,21942,10,0,18 19,0,10,,21963,10,0,18 19,0,10,,21855,10,0,18 19,0,10,,21877,10,0,18 19,0,10,,21899,10,0,18 19,0,50,,21921,10,0,18 19,0,10,,21943,10,0,18 19,0,10,,21964,10,0,18 19,0,10,,21856,10,0,18 19,0,10,,21878,10,0,18 19,0,10,,21900,10,0,18 19,0,50,,21922,10,0,18 19,0,10,,21944,10,0,18 19,0,10,,21965,10,0,18 19,0,10,,21857,10,0,18 19,0,10,,21879,10,0,18 19,0,10,,21901,10,0,18 19,0,50,,21923,10,0,18 19,0,10,,21945,10,0,18 19,0,10,,21966,10,0,18 19,0,10,,21858,10,0,18 19,0,10,,21880,10,0,18 19,0,10,,21902,10,0,18 19,0,50,,21924,10,0,18 19,0,10,,21946,10,0,18 19,0,10,,21967,10,0,18 19,0,10,,21859,10,0,18 19,0,10,,21881,10,0,18 19,0,10,,21903,10,0,18 19,0,50,,21925,10,0,18 19,0,10,,21947,10,0,18 19,0,10,,21968,10,0,18 19,0,10,,21860,10,0,18 19,0,10,,21882,10,0,18 19,0,9,,21904,10,0,18 19,0,51,,21926,10,0,18 19,0,10,,21948,10,0,18 19,0,9,,21969,10,0,18 19,0,11,,21861,10,0,18 19,0,10,,21883,10,0,18 19,0,9,,21905,10,0,18 19,0,51,,21927,10,0,18 19,0,10,,21950,10,0,18 19,0,9,,21970,10,0,18 19,0,11,,21862,10,0,18 19,0,10,,21884,10,0,18 19,0,9,,21906,10,0,18 19,0,51,,21928,10,0,18 19,0,9,,21949,10,0,18 19,0,10,,21971,10,0,18 19,0,11,,21863,10,0,18 19,0,9,,21885,10,0,18 19,0,11,,21907,10,0,18 19,0,50,,21929,10,0,18 19,0,8,,21951,10,0,18 19,0,11,,21972,10,0,18 19,0,11,,21864,10,0,18 19,0,8,,21886,10,0,18 19,0,12,,21908,10,0,18 19,0,50,,21930,10,0,18 19,0
20200,'pT5Sep04-Weekday-00',450,,22106,10,,,0,52,,22107,10,,,0,9,,22108,10,,,0,11,,22109,10,,,0,10,,22111,10,,,0,10,,22112,10,,,0,10,,22113,10,,,0,49,,22110,10,,,0,9,,22114,10,,,0,10,,22115,10,,,0,5,,22116,10,,,0,5,,22117,10,,,0,5,,22118,10,,,0,5,,22119,10,,,0,5,,22120,10,,,0,5,,22121,10,,,0,5,,22122,10,,,0,45,,22123,10,,,0,5,,22124,10,,,0,5,,22125,10,,,0,5,,22126,10,,,0,5,,22128,10,,,0,5,,22129,10,,,0,5,,22130,10,,,0,5,,22127,10,,,0,5,,22131,10,,,0,5,,22133,10,,,0,5,,22134,10,,,0,5,,22135,10,,,0,45,,22132,10,,,0,5,,22136,10,,,0,5,,22137,10,,,0,5,,22139,10,,,0,5,,22140,10,,,0,5,,22141,10,,,0,5,,22138,10,,,0,5,,22142,10,,,0,5,,22143,10,,,0,5,,22146,10,,,0,5,,22147,10,,,0,5,,22144,10,,,0,46,,22145,10,,,0,5,,22148,10,,,0,5,,22149,10,,,0,5,,22150,10,,,0,5,,22151,10,,,0,5,,22258,10,,,0,5,,22152,10,,,0,5,,22259,10,,,0,5,,22153,10,,,0,5,,22256,10,,,0,5,,22154,10,,,0,50,,22155,10,,,0,10,,22156,10,,,0,10,,22157,10,,,0,10,,22158,10,,,0,6,,22159,10,,,0,10,,22160,10,,,0,10,,22161,10,,,0,50,,22162,10,,,0,10,,22163,10,,,0,10,,22164,10,,,0,10,,22165,10,,,0,10,,22166,10,,,0,10,,22167,10,,,0,50,,22168,10,,,0,10,,22169,10,,,0,10,,22170,10,,,0,10,,22171,10,,,0,10,,22172,10,,,0,10,,22173,10,,,0,50,,22174,10,,,0,10,,22175,10,,,0,10,,22176,10,,,0,10,,22177,10,,,0,10,,22178,10,,,0,10,,22179,10,,,0,50,,22180,10,,,0,10,,22181,10,,,0,12,,22182,10,,,0,8,,22183,10,,,0,13,,22185,10,,,0,50,,22186,10,,,0,10,,22187,10,,,0,5,,22184,10,,,0,5,,22188,10,,,0,5,,22189,10,,,0,5,,22190,10,,,0,5,,22191,10,,,0,5,,22192,10,,,0,4,,22193,10,,,0,6,,22194,10,,,0,5,,22195,10,,,0,45,,22196,10,,,0,5,,22197,10,,,0,5,,22198,10,,,0,5,,22199,10,,,0,5,,22200,10,,,0,5,,22201,10,,,0,5,,22202,10,,,0,5,,22204,10,,,0,5,,22205,10,,,0,5,,22206,10,,,0,5,,22203,10,,,0,5,,22208,10,,,0,45,,22209,10,,,0,5,,22210,10,,,0,5,,22207,10,,,0,5,,22211,10,,,0,5,,22212,10,,,0,5,,22214,10,,,0,5,,22215,10,,,0,5,,22216,10,,,0,5,,22213,10,,,0,5,,22217,10,,,0,5,,22218,10,,,0,5,,22221,10,,,0,45,,22222,10,,,0,4,,22219,10,,,0,5,,22220,10,,,0,5,,22223,10,,,0,5,,22224,10,,,0,5,,22255,10,,,0,5,,22225,10,,,0,4,,22257,10,,,0,7,,22226,10,,,0,9,,22227,10,,,0,10,,22228,10,,,0,50,,22229,10,,,0,10,,22230,10,,,0,10,,22231,10,,,0,10,,22232,10,,,0,10,,22233,10,,,0,10,,22234,10,,,0,50,,22235,10,,,0,10,,22236,10,,,0,10,,22237,10,,,0,10,,22238,10,,,0,10,,22239,10,,,0,10,,22240,10,,,0,49,,22241,10,,,0,12,,22265,10,,,0,14,,22266,10,,,0,16,,22267,10,,,0,54,,22268,10,,,0,15,,22269,10,,,0,15,,22270,10,,,0,15,,22272,10,,,0,55,,22273,10,,,0,15,,22274,10,,,0,15,,22271,10,,,0,15,,22275,10,,,0,55,,22276,10,,,0,15,,22277,10,,,0,15,,22278,10,,,0,15,,22279,10,,,0,55,,22280,10,,,0,15,,22281,10,,,0,15,,22282,10,,,0,20,,22242,10,,,0
20200,'pT6Sep05-Saturday-00',434,,22283,10,0,18 19,0,10,,22305,10,0,18 19,0,10,,22327,10,0,18 19,0,50,,22349,10,0,18 19,0,10,,22371,10,0,18 19,0,10,,22392,10,0,18 19,0,10,,22284,10,0,18 19,0,10,,22306,10,0,18 19,0,10,,22328,10,0,18 19,0,50,,22350,10,0,18 19,0,10,,22372,10,0,18 19,0,10,,22393,10,0,18 19,0,10,,22285,10,0,18 19,0,10,,22307,10,0,18 19,0,10,,22329,10,0,18 19,0,50,,22351,10,0,18 19,0,10,,22373,10,0,18 19,0,10,,22394,10,0,18 19,0,10,,22286,10,0,18 19,0,10,,22308,10,0,18 19,0,10,,22330,10,0,18 19,0,50,,22352,10,0,18 19,0,10,,22374,10,0,18 19,0,10,,22395,10,0,18 19,0,10,,22287,10,0,18 19,0,10,,22309,10,0,18 19,0,10,,22331,10,0,18 19,0,50,,22353,10,0,18 19,0,10,,22375,10,0,18 19,0,10,,22396,10,0,18 19,0,10,,22288,10,0,18 19,0,10,,22310,10,0,18 19,0,10,,22332,10,0,18 19,0,50,,22354,10,0,18 19,0,10,,22376,10,0,18 19,0,10,,22397,10,0,18 19,0,10,,22289,10,0,18 19,0,10,,22311,10,0,18 19,0,10,,22333,10,0,18 19,0,50,,22355,10,0,18 19,0,10,,22377,10,0,18 19,0,10,,22398,10,0,18 19,0,10,,22290,10,0,18 19,0,10,,22312,10,0,18 19,0,10,,22334,10,0,18 19,0,50,,22356,10,0,18 19,0,10,,22378,10,0,18 19,0,10,,22399,10,0,18 19,0,10,,22291,10,0,18 19,0,10,,22313,10,0,18 19,0,10,,22335,10,0,18 19,0,50,,22357,10,0,18 19,0,10,,22379,10,0,18 19,0,10,,22400,10,0,18 19,0,10,,22292,10,0,18 19,0,10,,22314,10,0,18 19,0,10,,22336,10,0,18 19,0,50,,22358,10,0,18 19,0,10,,22380,10,0,18 19,0,10,,22401,10,0,18 19,0,10,,22293,10,0,18 19,0,10,,22315,10,0,18 19,0,10,,22337,10,0,18 19,0,50,,22359,10,0,18 19,0,10,,22381,10,0,18 19,0,10,,22402,10,0,18 19,0,10,,22294,10,0,18 19,0,10,,22316,10,0,18 19,0,10,,22338,10,0,18 19,0,50,,22360,10,0,18 19,0,10,,22382,10,0,18 19,0,10,,22405,10,0,18 19,0,10,,22295,10,0,18 19,0,10,,22317,10,0,18 19,0,10,,22339,10,0,18 19,0,50,,22361,10,0,18 19,0,10,,22383,10,0,18 19,0,10,,22403,10,0,18 19,0,10,,22296,10,0,18 19,0,10,,22318,10,0,18 19,0,10,,22340,10,0,18 19,0,50,,22362,10,0,18 19,0,10,,22384,10,0,18 19,0,10,,22404,10,0,18 19,0,10,,22298,10,0,18 19,0,10,,22319,10,0,18 19,0,10,,22341,10,0,18 19,0,50,,22363,10,0,18 19,0,10,,22385,10,0,18 19,0,10,,22406,10,0,18 19,0,10,,22299,10,0,18 19,0,10,,22320,10,0,18 19,0,10,,22342,10,0,18 19,0,50,,22364,10,0,18 19,0,10,,22387,10,0,18 19,0,10,,22407,10,0,18 19,0,10,,22297,10,0,18 19,0,10,,22321,10,0,18 19,0,10,,22343,10,0,18 19,0,50,,22365,10,0,18 19,0,10,,22388,10,0,18 19,0,10,,22408,10,0,18 19,0,10,,22300,10,0,18 19,0,10,,22322,10,0,18 19,0,9,,22344,10,0,18 19,0,51,,22366,10,0,18 19,0,10,,22386,10,0,18 19,0,9,,22409,10,0,18 19,0,11,,22301,10,0,18 19,0,10,,22323,10,0,18 19,0,9,,22345,10,0,18 19,0,51,,22367,10,0,18 19,0,10,,22389,10,0,18 19,0,9,,22410,10,0,18 19,0,11,,22302,10,0,18 19,0,10,,22324,10,0,18 19,0,9,,22346,10,0,18 19,0,51,,22368,10,0,18 19,0,9,,22390,10,0,18 19,0,10,,22411,10,0,18 19,0,11,,22303,10,0,18 19,0,9,,22325,10,0,18 19,0,11,,22347,10,0,18 19,0,50,,22369,10,0,18 19,0,8,,22391,10,0,18 19,0,11,,22412,10,0,18 19,0,11,,22304,10,0,18 19,0,8,,22326,10,0,18 19,0,12,,22348,10,0,18 19,0,50,,22370,10,0,18 19,0
20200,'pT7Sep06-Sunday-00',434,,22546,10,0,18 19,0,10,,22567,10,0,18 19,0,10,,22588,10,0,18 19,0,50,,22609,10,0,18 19,0,10,,22630,10,0,18 19,0,10,,22650,10,0,18 19,0,10,,22547,10,0,18 19,0,10,,22568,10,0,18 19,0,10,,22589,10,0,18 19,0,50,,22610,10,0,18 19,0,10,,22631,10,0,18 19,0,10,,22651,10,0,18 19,0,10,,22548,10,0,18 19,0,10,,22569,10,0,18 19,0,10,,22590,10,0,18 19,0,50,,22615,10,0,18 19,0,10,,22632,10,0,18 19,0,10,,22652,10,0,18 19,0,10,,22549,10,0,18 19,0,10,,22570,10,0,18 19,0,10,,22591,10,0,18 19,0,50,,22611,10,0,18 19,0,10,,22633,10,0,18 19,0,10,,22653,10,0,18 19,0,10,,22550,10,0,18 19,0,10,,22571,10,0,18 19,0,10,,22592,10,0,18 19,0,50,,22612,10,0,18 19,0,10,,22634,10,0,18 19,0,10,,22654,10,0,18 19,0,10,,22551,10,0,18 19,0,10,,22573,10,0,18 19,0,10,,22593,10,0,18 19,0,50,,22613,10,0,18 19,0,10,,22635,10,0,18 19,0,10,,22655,10,0,18 19,0,10,,22552,10,0,18 19,0,10,,22572,10,0,18 19,0,10,,22594,10,0,18 19,0,50,,22614,10,0,18 19,0,10,,22636,10,0,18 19,0,10,,22656,10,0,18 19,0,10,,22553,10,0,18 19,0,10,,22574,10,0,18 19,0,10,,22595,10,0,18 19,0,50,,22616,10,0,18 19,0,10,,22637,10,0,18 19,0,10,,22657,10,0,18 19,0,10,,22554,10,0,18 19,0,10,,22575,10,0,18 19,0,10,,22596,10,0,18 19,0,50,,22617,10,0,18 19,0,10,,22638,10,0,18 19,0,10,,22658,10,0,18 19,0,10,,22555,10,0,18 19,0,10,,22576,10,0,18 19,0,10,,22597,10,0,18 19,0,50,,22618,10,0,18 19,0,10,,22639,10,0,18 19,0,10,,22659,10,0,18 19,0,10,,22556,10,0,18 19,0,10,,22577,10,0,18 19,0,10,,22598,10,0,18 19,0,50,,22619,10,0,18 19,0,10,,22640,10,0,18 19,0,10,,22660,10,0,18 19,0,10,,22557,10,0,18 19,0,10,,22578,10,0,18 19,0,10,,22599,10,0,18 19,0,50,,22620,10,0,18 19,0,10,,22641,10,0,18 19,0,10,,22661,10,0,18 19,0,10,,22558,10,0,18 19,0,10,,22579,10,0,18 19,0,10,,22600,10,0,18 19,0,50,,22621,10,0,18 19,0,10,,22642,10,0,18 19,0,10,,22662,10,0,18 19,0,10,,22559,10,0,18 19,0,10,,22580,10,0,18 19,0,10,,22601,10,0,18 19,0,50,,22622,10,0,18 19,0,10,,22643,10,0,18 19,0,10,,22663,10,0,18 19,0,10,,22560,10,0,18 19,0,10,,22581,10,0,18 19,0,10,,22602,10,0,18 19,0,50,,22623,10,0,18 19,0,10,,22644,10,0,18 19,0,10,,22664,10,0,18 19,0,10,,22561,10,0,18 19,0,10,,22582,10,0,18 19,0,10,,22603,10,0,18 19,0,50,,22624,10,0,18 19,0,10,,22645,10,0,18 19,0,10,,22665,10,0,18 19,0,10,,22562,10,0,18 19,0,10,,22583,10,0,18 19,0,10,,22604,10,0,18 19,0,50,,22625,10,0,18 19,0,10,,22646,10,0,18 19,0,10,,22666,10,0,18 19,0,10,,22563,10,0,18 19,0,10,,22584,10,0,18 19,0,9,,22605,10,0,18 19,0,51,,22626,10,0,18 19,0,10,,22647,10,0,18 19,0,9,,22667,10,0,18 19,0,11,,22564,10,0,18 19,0,10,,22585,10,0,18 19,0,9,,22606,10,0,18 19,0,51,,22627,10,0,18 19,0,10,,22648,10,0,18 19,0,9,,22668,10,0,18 19,0,11,,22565,10,0,18 19,0,10,,22586,10,0,18 19,0,9,,22607,10,0,18 19,0,51,,22628,10,0,18 19,0,9,,22649,10,0,18 19,0,10,,22669,10,0,18 19,0,11,,22566,10,0,18 19,0,9,,22587,10,0,18 19,0,11,,22608,10,0,18 19,0,50,,22629,10,0,18 19,0,8,,22807,10,0,18 19,0,11,,22808,10,0,18 19,0,11,,22803,10,0,18 19,0,8,,22804,10,0,18 19,0,12,,22805,10,0,18 19,0,50,,22806,10,0,18 19,0
