20101,'Saturday-00',520,,19014,10,,,0,10,,19024,10,,,0,10,,19033,10,,,0,10,,19044,10,,,0,50,,19052,10,,,0,10,,19062,10,,,0,10,,19072,10,,,0,10,,19081,10,,,0,10,,19091,10,,,0,10,,19101,10,,,0,50,,19111,10,,,0,10,,19121,10,,,0,10,,19130,10,,,0,10,,19015,10,,,0,10,,19025,10,,,0,10,,19034,10,,,0,50,,19045,10,,,0,10,,19053,10,,,0,10,,19063,10,,,0,10,,19073,10,,,0,10,,19082,10,,,0,10,,19092,10,,,0,50,,19102,10,,,0,10,,19112,10,,,0,10,,19122,10,,,0,10,,19131,10,,,0,10,,19016,10,,,0,10,,19026,10,,,0,50,,19035,10,,,0,10,,19046,10,,,0,10,,19054,10,,,0,10,,19064,10,,,0,10,,19074,10,,,0,10,,19083,10,,,0,50,,19093,10,,,0,10,,19103,10,,,0,10,,19113,10,,,0,10,,19123,10,,,0,10,,19132,10,,,0,10,,19017,10,,,0,50,,19027,10,,,0,10,,19036,10,,,0,10,,19047,10,,,0,10,,19055,10,,,0,10,,19065,10,,,0,10,,19075,10,,,0,50,,19084,10,,,0,10,,19094,10,,,0,10,,19104,10,,,0,10,,19114,10,,,0,10,,19124,10,,,0,10,,19133,10,,,0,50,,19018,10,,,0,10,,19028,10,,,0,10,,19038,10,,,0,10,,19048,10,,,0,10,,19056,10,,,0,10,,19066,10,,,0,50,,19076,10,,,0,10,,19085,10,,,0,10,,19095,10,,,0,10,,19105,10,,,0,10,,19115,10,,,0,10,,19125,10,,,0,50,,19134,10,,,0,10,,19019,10,,,0,10,,19029,10,,,0,10,,19039,10,,,0,10,,19049,10,,,0,10,,19057,10,,,0,50,,19067,10,,,0,10,,19077,10,,,0,10,,19086,10,,,0,10,,19096,10,,,0,10,,19106,10,,,0,10,,19116,10,,,0,50,,19126,10,,,0,10,,19135,10,,,0,10,,19020,10,,,0,10,,19030,10,,,0,10,,19040,10,,,0,10,,19050,10,,,0,50,,19058,10,,,0,10,,19068,10,,,0,10,,19078,10,,,0,10,,19087,10,,,0,10,,19097,10,,,0,10,,19108,10,,,0,50,,19117,10,,,0,10,,19127,10,,,0,10,,19136,10,,,0,10,,19021,10,,,0,10,,19037,10,,,0,10,,19041,10,,,0,50,,19051,10,,,0,10,,19059,10,,,0,10,,19069,10,,,0,10,,19079,10,,,0,10,,19088,10,,,0,10,,19098,10,,,0,50,,19107,10,,,0,15,,19118,10,,,0,15,,19128,10,,,0,7,,19137,10,,,0,8,,19022,10,,,0,55,,19031,10,,,0,15,,19042,10,,,0,15,,19060,10,,,0,15,,19070,10,,,0,55,,19089,10,,,0,15,,19099,10,,,0,15,,19109,10,,,0,15,,19119,10,,,0,55,,19129,10,,,0,15,,19023,10,,,0,15,,19032,10,,,0,15,,19043,10,,,0,55,,19061,10,,,0
20101,'Sunday-00',520,,19138,10,,,0,10,,19148,10,,,0,10,,19158,10,,,0,10,,19168,10,,,0,50,,19176,10,,,0,10,,19186,10,,,0,10,,19196,10,,,0,10,,19205,10,,,0,10,,19215,10,,,0,10,,19225,10,,,0,50,,19235,10,,,0,10,,19245,10,,,0,10,,19254,10,,,0,10,,19139,10,,,0,10,,19149,10,,,0,10,,19159,10,,,0,50,,19169,10,,,0,10,,19178,10,,,0,10,,19187,10,,,0,10,,19197,10,,,0,10,,19206,10,,,0,10,,19216,10,,,0,50,,19226,10,,,0,10,,19236,10,,,0,10,,19246,10,,,0,10,,19255,10,,,0,10,,19140,10,,,0,10,,19150,10,,,0,50,,19160,10,,,0,10,,19170,10,,,0,10,,19177,10,,,0,10,,19188,10,,,0,10,,19198,10,,,0,10,,19207,10,,,0,50,,19217,10,,,0,10,,19228,10,,,0,10,,19237,10,,,0,10,,19247,10,,,0,10,,19256,10,,,0,10,,19141,10,,,0,50,,19151,10,,,0,10,,19161,10,,,0,10,,19171,10,,,0,10,,19179,10,,,0,10,,19189,10,,,0,10,,19199,10,,,0,50,,19208,10,,,0,10,,19218,10,,,0,10,,19227,10,,,0,10,,19238,10,,,0,10,,19248,10,,,0,10,,19257,10,,,0,50,,19142,10,,,0,10,,19152,10,,,0,10,,19162,10,,,0,10,,19172,10,,,0,10,,19180,10,,,0,10,,19190,10,,,0,50,,19200,10,,,0,10,,19209,10,,,0,10,,19219,10,,,0,10,,19229,10,,,0,10,,19239,10,,,0,10,,19249,10,,,0,50,,19258,10,,,0,10,,19143,10,,,0,10,,19153,10,,,0,10,,19163,10,,,0,10,,19173,10,,,0,10,,19181,10,,,0,50,,19191,10,,,0,10,,19201,10,,,0,10,,19210,10,,,0,10,,19220,10,,,0,10,,19230,10,,,0,10,,19240,10,,,0,50,,19250,10,,,0,10,,19259,10,,,0,10,,19145,10,,,0,10,,19154,10,,,0,10,,19164,10,,,0,10,,19174,10,,,0,50,,19182,10,,,0,10,,19192,10,,,0,10,,19202,10,,,0,10,,19211,10,,,0,10,,19221,10,,,0,10,,19231,10,,,0,50,,19241,10,,,0,10,,19251,10,,,0,10,,19260,10,,,0,10,,19144,10,,,0,10,,19155,10,,,0,10,,19165,10,,,0,50,,19175,10,,,0,10,,19183,10,,,0,10,,19193,10,,,0,10,,19203,10,,,0,10,,19213,10,,,0,10,,19222,10,,,0,50,,19232,10,,,0,15,,19242,10,,,0,15,,19252,10,,,0,7,,19261,10,,,0,8,,19146,10,,,0,55,,19156,10,,,0,15,,19166,10,,,0,15,,19184,10,,,0,15,,19194,10,,,0,55,,19212,10,,,0,15,,19223,10,,,0,15,,19233,10,,,0,15,,19243,10,,,0,55,,19253,10,,,0,15,,19147,10,,,0,15,,19157,10,,,0,15,,19167,10,,,0,55,,19185,10,,,0
20101,'Weekday-00',456,,19262,10,,,0,48,,19263,10,,,0,17,,19426,10,,,0,5,,19265,10,,,0,10,,19266,10,,,0,10,,19267,10,,,0,5,,19404,10,,,0,5,,19264,10,,,0,45,,19405,10,,,0,4,,19268,10,,,0,5,,19269,10,,,0,5,,19430,10,,,0,5,,19272,10,,,0,5,,19428,10,,,0,5,,19273,10,,,0,5,,19270,10,,,0,5,,19271,10,,,0,5,,19274,10,,,0,5,,19275,10,,,0,5,,19276,10,,,0,45,,19277,10,,,0,5,,19278,10,,,0,5,,19279,10,,,0,5,,19280,10,,,0,5,,19281,10,,,0,5,,19282,10,,,0,5,,19283,10,,,0,4,,19284,10,,,0,6,,19285,10,,,0,5,,19286,10,,,0,5,,19287,10,,,0,5,,19288,10,,,0,45,,19289,10,,,0,5,,19290,10,,,0,5,,19292,10,,,0,5,,19293,10,,,0,5,,19294,10,,,0,5,,19291,10,,,0,5,,19295,10,,,0,5,,19296,10,,,0,5,,19297,10,,,0,5,,19298,10,,,0,5,,19299,10,,,0,6,,19300,10,,,0,46,,19301,10,,,0,5,,19302,10,,,0,5,,19303,10,,,0,5,,19304,10,,,0,5,,19305,10,,,0,5,,19306,10,,,0,5,,19436,10,,,0,5,,19307,10,,,0,4,,19435,10,,,0,5,,19308,10,,,0,5,,19437,10,,,0,6,,19309,10,,,0,45,,19438,10,,,0,5,,19310,10,,,0,10,,19311,10,,,0,10,,19313,10,,,0,10,,19314,10,,,0,10,,19315,10,,,0,10,,19312,10,,,0,50,,19316,10,,,0,10,,19317,10,,,0,10,,19318,10,,,0,10,,19319,10,,,0,10,,19320,10,,,0,10,,19321,10,,,0,46,,19322,10,,,0,14,,19323,10,,,0,10,,19324,10,,,0,10,,19325,10,,,0,10,,19326,10,,,0,10,,19327,10,,,0,50,,19329,10,,,0,10,,19330,10,,,0,10,,19331,10,,,0,10,,19328,10,,,0,10,,19332,10,,,0,10,,19333,10,,,0,50,,19334,10,,,0,10,,19335,10,,,0,8,,19336,10,,,0,12,,19337,10,,,0,8,,19338,10,,,0,10,,19340,10,,,0,50,,19341,10,,,0,5,,19429,10,,,0,5,,19342,10,,,0,5,,19339,10,,,0,5,,19343,10,,,0,5,,19344,10,,,0,5,,19347,10,,,0,4,,19348,10,,,0,4,,19444,10,,,0,2,,19345,10,,,0,5,,19346,10,,,0,5,,19349,10,,,0,45,,19350,10,,,0,5,,19351,10,,,0,5,,19352,10,,,0,5,,19353,10,,,0,5,,19354,10,,,0,5,,19355,10,,,0,5,,19356,10,,,0,4,,19357,10,,,0,6,,19358,10,,,0,5,,19359,10,,,0,5,,19360,10,,,0,5,,19361,10,,,0,45,,19362,10,,,0,5,,19363,10,,,0,5,,19364,10,,,0,5,,19365,10,,,0,5,,19366,10,,,0,5,,19367,10,,,0,5,,19368,10,,,0,5,,19369,10,,,0,4,,19370,10,,,0,5,,19371,10,,,0,5,,19372,10,,,0,5,,19445,10,,,0,5,,19373,10,,,0,44,,19374,10,,,0,5,,19375,10,,,0,5,,19376,10,,,0,5,,19377,10,,,0,5,,19378,10,,,0,4,,19379,10,,,0,4,,19442,10,,,0,11,,19380,10,,,0,6,,19381,10,,,0,10,,19382,10,,,0,45,,19443,10,,,0,5,,19383,10,,,0,5,,19403,10,,,0,5,,19384,10,,,0,12,,19385,10,,,0,8,,19386,10,,,0,10,,19388,10,,,0,10,,19389,10,,,0,50,,19390,10,,,0,10,,19387,10,,,0,10,,19391,10,,,0,10,,19392,10,,,0,10,,19393,10,,,0,10,,19394,10,,,0,50,,19395,10,,,0,11,,19396,10,,,0,14,,19407,10,,,0,8,,19424,10,,,0,8,,19406,10,,,0,7,,19425,10,,,0,47,,19408,10,,,0,15,,19409,10,,,0,15,,19410,10,,,0,15,,19411,10,,,0,55,,19412,10,,,0,15,,19413,10,,,0,15,,19414,10,,,0,15,,19415,10,,,0,55,,19416,10,,,0,15,,19417,10,,,0,15,,19418,10,,,0,15,,19419,10,,,0,55,,19420,10,,,0,15,,19421,10,,,0,15,,19422,10,,,0,15,,19423,10,,,0,55,,19402,10,,,0
20101,'LR3Sep30-Saturday-01',456,,19461,10,,,0,50,,19469,10,,,0,10,,19489,10,,,0,10,,19596,10,,,0,10,,19599,10,,,0,7,,19508,10,,,0,7,,19516,10,,,0,6,,19527,10,,,0,47,,19536,10,,,0,8,,19602,10,,,0,8,,19546,10,,,0,6,,19555,10,,,0,7,,19565,10,,,0,7,,19604,10,,,0,7,,19575,10,,,0,7,,19585,10,,,0,47,,19594,10,,,0,7,,19462,10,,,0,7,,19470,10,,,0,7,,19480,10,,,0,7,,19490,10,,,0,7,,19597,10,,,0,7,,19498,10,,,0,7,,19600,10,,,0,7,,19509,10,,,0,47,,19517,10,,,0,7,,19528,10,,,0,7,,19537,10,,,0,7,,19603,10,,,0,7,,19547,10,,,0,7,,19556,10,,,0,7,,19566,10,,,0,7,,19605,10,,,0,7,,19576,10,,,0,47,,19586,10,,,0,7,,19595,10,,,0,6,,19463,10,,,0,7,,19471,10,,,0,11,,19481,10,,,0,9,,19491,10,,,0,5,,19598,10,,,0,6,,19499,10,,,0,47,,19601,10,,,0,4,,19510,10,,,0,9,,19518,10,,,0,9,,19529,10,,,0,11,,19538,10,,,0,10,,19548,10,,,0,10,,19557,10,,,0,50,,19567,10,,,0,10,,19577,10,,,0,10,,19587,10,,,0,10,,19464,10,,,0,10,,19472,10,,,0,10,,19482,10,,,0,50,,19492,10,,,0,10,,19500,10,,,0,10,,19511,10,,,0,10,,19519,10,,,0,10,,19530,10,,,0,10,,19539,10,,,0,50,,19549,10,,,0,10,,19558,10,,,0,10,,19568,10,,,0,10,,19578,10,,,0,10,,19588,10,,,0,10,,19465,10,,,0,50,,19473,10,,,0,10,,19483,10,,,0,8,,19493,10,,,0,12,,19501,10,,,0,8,,19512,10,,,0,6,,19520,10,,,0,8,,19531,10,,,0,49,,19606,10,,,0,9,,19540,10,,,0,7,,19550,10,,,0,4,,19608,10,,,0,6,,19559,10,,,0,6,,19569,10,,,0,6,,19611,10,,,0,7,,19579,10,,,0,6,,19589,10,,,0,47,,19613,10,,,0,7,,19466,10,,,0,7,,19474,10,,,0,7,,19615,10,,,0,7,,19484,10,,,0,7,,19494,10,,,0,7,,19617,10,,,0,7,,19502,10,,,0,47,,19513,10,,,0,7,,19521,10,,,0,7,,19532,10,,,0,7,,19607,10,,,0,7,,19541,10,,,0,7,,19551,10,,,0,7,,19609,10,,,0,7,,19560,10,,,0,6,,19570,10,,,0,47,,19612,10,,,0,7,,19580,10,,,0,7,,19590,10,,,0,6,,19614,10,,,0,5,,19467,10,,,0,5,,19475,10,,,0,6,,19616,10,,,0,6,,19485,10,,,0,7,,19495,10,,,0,47,,19618,10,,,0,7,,19503,10,,,0,7,,19514,10,,,0,7,,19522,10,,,0,8,,19533,10,,,0,6,,19542,10,,,0,6,,19552,10,,,0,8,,19610,10,,,0,9,,19561,10,,,0,50,,19571,10,,,0,10,,19581,10,,,0,10,,19591,10,,,0,10,,19468,10,,,0,10,,19476,10,,,0,10,,19486,10,,,0,50,,19496,10,,,0,11,,19504,10,,,0,14,,19523,10,,,0,8,,19534,10,,,0,8,,19543,10,,,0,7,,19553,10,,,0,47,,19562,10,,,0,15,,19572,10,,,0,15,,19582,10,,,0,15,,19592,10,,,0,55,,19477,10,,,0,15,,19487,10,,,0,15,,19505,10,,,0,15,,19524,10,,,0,55,,19544,10,,,0,15,,19563,10,,,0,15,,19573,10,,,0,15,,19583,10,,,0,55,,19593,10,,,0,15,,19478,10,,,0,15,,19488,10,,,0,15,,19506,10,,,0,55,,19525,10,,,0
20101,'pT1Sep07-Sunday-00',520,,21272,10,,,0,10,,21282,10,,,0,10,,21292,10,,,0,10,,21302,10,,,0,50,,21310,10,,,0,10,,21320,10,,,0,10,,21330,10,,,0,10,,21338,10,,,0,10,,21349,10,,,0,10,,21359,10,,,0,50,,21369,10,,,0,10,,21379,10,,,0,10,,21388,10,,,0,10,,21273,10,,,0,10,,21283,10,,,0,10,,21293,10,,,0,50,,21303,10,,,0,10,,21312,10,,,0,10,,21321,10,,,0,10,,21331,10,,,0,10,,21340,10,,,0,10,,21350,10,,,0,50,,21360,10,,,0,10,,21371,10,,,0,10,,21380,10,,,0,10,,21389,10,,,0,10,,21274,10,,,0,10,,21284,10,,,0,50,,21294,10,,,0,10,,21304,10,,,0,10,,21311,10,,,0,10,,21322,10,,,0,10,,21332,10,,,0,10,,21341,10,,,0,50,,21351,10,,,0,10,,21362,10,,,0,10,,21370,10,,,0,10,,21381,10,,,0,10,,21390,10,,,0,10,,21275,10,,,0,50,,21285,10,,,0,10,,21296,10,,,0,10,,21305,10,,,0,10,,21313,10,,,0,10,,21323,10,,,0,10,,21333,10,,,0,50,,21342,10,,,0,10,,21352,10,,,0,10,,21361,10,,,0,10,,21372,10,,,0,10,,21382,10,,,0,10,,21391,10,,,0,50,,21276,10,,,0,10,,21286,10,,,0,10,,21295,10,,,0,10,,21306,10,,,0,10,,21314,10,,,0,10,,21324,10,,,0,50,,21334,10,,,0,10,,21343,10,,,0,10,,21353,10,,,0,10,,21363,10,,,0,10,,21373,10,,,0,10,,21383,10,,,0,50,,21392,10,,,0,10,,21277,10,,,0,10,,21287,10,,,0,10,,21297,10,,,0,10,,21307,10,,,0,10,,21315,10,,,0,50,,21326,10,,,0,10,,21335,10,,,0,10,,21344,10,,,0,10,,21354,10,,,0,10,,21364,10,,,0,10,,21374,10,,,0,50,,21384,10,,,0,10,,21393,10,,,0,10,,21279,10,,,0,10,,21288,10,,,0,10,,21298,10,,,0,10,,21308,10,,,0,50,,21316,10,,,0,10,,21325,10,,,0,10,,21336,10,,,0,10,,21345,10,,,0,10,,21355,10,,,0,10,,21365,10,,,0,50,,21375,10,,,0,10,,21385,10,,,0,10,,21394,10,,,0,10,,21278,10,,,0,10,,21289,10,,,0,10,,21299,10,,,0,50,,21309,10,,,0,10,,21317,10,,,0,10,,21327,10,,,0,10,,21337,10,,,0,10,,21347,10,,,0,10,,21356,10,,,0,50,,21366,10,,,0,15,,21376,10,,,0,15,,21386,10,,,0,7,,21395,10,,,0,8,,21280,10,,,0,55,,21290,10,,,0,15,,21300,10,,,0,15,,21318,10,,,0,15,,21328,10,,,0,55,,21346,10,,,0,15,,21357,10,,,0,15,,21367,10,,,0,15,,21377,10,,,0,55,,21387,10,,,0,15,,21281,10,,,0,15,,21291,10,,,0,15,,21301,10,,,0,55,,21319,10,,,0
20101,'pT5Sep04-Weekday-00',456,,21396,10,,,0,48,,21397,10,,,0,17,,21560,10,,,0,5,,21399,10,,,0,10,,21400,10,,,0,10,,21401,10,,,0,5,,21538,10,,,0,5,,21398,10,,,0,45,,21539,10,,,0,4,,21402,10,,,0,5,,21403,10,,,0,5,,21564,10,,,0,5,,21407,10,,,0,5,,21562,10,,,0,5,,21404,10,,,0,5,,21405,10,,,0,5,,21406,10,,,0,5,,21408,10,,,0,5,,21409,10,,,0,5,,21410,10,,,0,45,,21411,10,,,0,5,,21412,10,,,0,5,,21413,10,,,0,5,,21414,10,,,0,5,,21415,10,,,0,5,,21416,10,,,0,5,,21417,10,,,0,4,,21418,10,,,0,6,,21419,10,,,0,5,,21420,10,,,0,5,,21421,10,,,0,5,,21422,10,,,0,45,,21423,10,,,0,5,,21424,10,,,0,5,,21426,10,,,0,5,,21427,10,,,0,5,,21428,10,,,0,5,,21425,10,,,0,5,,21429,10,,,0,5,,21430,10,,,0,5,,21431,10,,,0,5,,21432,10,,,0,5,,21433,10,,,0,6,,21434,10,,,0,46,,21435,10,,,0,5,,21436,10,,,0,5,,21437,10,,,0,5,,21438,10,,,0,5,,21439,10,,,0,5,,21440,10,,,0,5,,21570,10,,,0,5,,21441,10,,,0,4,,21569,10,,,0,5,,21442,10,,,0,5,,21571,10,,,0,6,,21443,10,,,0,45,,21572,10,,,0,5,,21444,10,,,0,10,,21445,10,,,0,10,,21447,10,,,0,10,,21448,10,,,0,10,,21449,10,,,0,10,,21446,10,,,0,50,,21450,10,,,0,10,,21451,10,,,0,10,,21452,10,,,0,10,,21453,10,,,0,10,,21454,10,,,0,10,,21455,10,,,0,46,,21456,10,,,0,14,,21457,10,,,0,10,,21458,10,,,0,10,,21459,10,,,0,10,,21460,10,,,0,10,,21461,10,,,0,50,,21463,10,,,0,10,,21464,10,,,0,10,,21465,10,,,0,10,,21462,10,,,0,10,,21466,10,,,0,10,,21467,10,,,0,50,,21468,10,,,0,10,,21469,10,,,0,8,,21470,10,,,0,12,,21471,10,,,0,8,,21472,10,,,0,10,,21474,10,,,0,50,,21475,10,,,0,5,,21563,10,,,0,5,,21476,10,,,0,5,,21473,10,,,0,5,,21477,10,,,0,5,,21479,10,,,0,5,,21478,10,,,0,4,,21482,10,,,0,4,,21578,10,,,0,2,,21480,10,,,0,5,,21481,10,,,0,5,,21483,10,,,0,45,,21484,10,,,0,5,,21485,10,,,0,5,,21486,10,,,0,5,,21487,10,,,0,5,,21488,10,,,0,5,,21489,10,,,0,5,,21490,10,,,0,4,,21491,10,,,0,6,,21492,10,,,0,5,,21493,10,,,0,5,,21494,10,,,0,5,,21495,10,,,0,45,,21496,10,,,0,5,,21497,10,,,0,5,,21498,10,,,0,5,,21499,10,,,0,5,,21500,10,,,0,5,,21501,10,,,0,5,,21502,10,,,0,5,,21503,10,,,0,4,,21504,10,,,0,5,,21505,10,,,0,5,,21506,10,,,0,5,,21579,10,,,0,5,,21507,10,,,0,44,,21508,10,,,0,5,,21509,10,,,0,5,,21510,10,,,0,5,,21511,10,,,0,5,,21512,10,,,0,4,,21513,10,,,0,4,,21576,10,,,0,11,,21514,10,,,0,6,,21515,10,,,0,10,,21516,10,,,0,45,,21577,10,,,0,5,,21517,10,,,0,5,,21537,10,,,0,5,,21518,10,,,0,12,,21519,10,,,0,8,,21520,10,,,0,10,,21522,10,,,0,10,,21523,10,,,0,50,,21524,10,,,0,10,,21521,10,,,0,10,,21525,10,,,0,10,,21526,10,,,0,10,,21527,10,,,0,10,,21528,10,,,0,50,,21529,10,,,0,11,,21530,10,,,0,14,,21541,10,,,0,8,,21558,10,,,0,8,,21540,10,,,0,7,,21559,10,,,0,47,,21542,10,,,0,15,,21543,10,,,0,15,,21544,10,,,0,15,,21545,10,,,0,55,,21546,10,,,0,15,,21547,10,,,0,15,,21548,10,,,0,15,,21549,10,,,0,55,,21551,10,,,0,15,,21552,10,,,0,15,,21553,10,,,0,15,,21550,10,,,0,55,,21554,10,,,0,15,,21555,10,,,0,15,,21556,10,,,0,15,,21557,10,,,0,55,,21536,10,,,0
20101,'pT6Sep05-Saturday-00',520,,21595,10,,,0,10,,21605,10,,,0,10,,21614,10,,,0,10,,21625,10,,,0,50,,21633,10,,,0,10,,21643,10,,,0,10,,21654,10,,,0,10,,21662,10,,,0,10,,21672,10,,,0,10,,21682,10,,,0,50,,21692,10,,,0,10,,21702,10,,,0,10,,21711,10,,,0,10,,21596,10,,,0,10,,21606,10,,,0,10,,21615,10,,,0,50,,21626,10,,,0,10,,21634,10,,,0,10,,21644,10,,,0,10,,21652,10,,,0,10,,21663,10,,,0,10,,21673,10,,,0,50,,21683,10,,,0,10,,21693,10,,,0,10,,21703,10,,,0,10,,21712,10,,,0,10,,21597,10,,,0,10,,21607,10,,,0,50,,21616,10,,,0,10,,21627,10,,,0,10,,21635,10,,,0,10,,21645,10,,,0,10,,21655,10,,,0,10,,21664,10,,,0,50,,21674,10,,,0,10,,21684,10,,,0,10,,21694,10,,,0,10,,21704,10,,,0,10,,21713,10,,,0,10,,21598,10,,,0,50,,21608,10,,,0,10,,21617,10,,,0,10,,21628,10,,,0,10,,21636,10,,,0,10,,21646,10,,,0,10,,21656,10,,,0,50,,21665,10,,,0,10,,21675,10,,,0,10,,21685,10,,,0,10,,21695,10,,,0,10,,21705,10,,,0,10,,21714,10,,,0,50,,21599,10,,,0,10,,21609,10,,,0,10,,21619,10,,,0,10,,21629,10,,,0,10,,21637,10,,,0,10,,21647,10,,,0,50,,21657,10,,,0,10,,21666,10,,,0,10,,21676,10,,,0,10,,21686,10,,,0,10,,21696,10,,,0,10,,21706,10,,,0,50,,21716,10,,,0,10,,21600,10,,,0,10,,21610,10,,,0,10,,21620,10,,,0,10,,21630,10,,,0,10,,21638,10,,,0,50,,21648,10,,,0,10,,21658,10,,,0,10,,21667,10,,,0,10,,21677,10,,,0,10,,21687,10,,,0,10,,21697,10,,,0,50,,21707,10,,,0,10,,21715,10,,,0,10,,21601,10,,,0,10,,21611,10,,,0,10,,21621,10,,,0,10,,21631,10,,,0,50,,21639,10,,,0,10,,21649,10,,,0,10,,21659,10,,,0,10,,21668,10,,,0,10,,21678,10,,,0,10,,21689,10,,,0,50,,21698,10,,,0,10,,21708,10,,,0,10,,21717,10,,,0,10,,21602,10,,,0,10,,21618,10,,,0,10,,21622,10,,,0,50,,21632,10,,,0,10,,21640,10,,,0,10,,21650,10,,,0,10,,21660,10,,,0,10,,21669,10,,,0,10,,21679,10,,,0,50,,21688,10,,,0,15,,21700,10,,,0,15,,21709,10,,,0,7,,21718,10,,,0,8,,21603,10,,,0,55,,21612,10,,,0,15,,21623,10,,,0,15,,21641,10,,,0,15,,21651,10,,,0,55,,21670,10,,,0,15,,21680,10,,,0,15,,21690,10,,,0,15,,21701,10,,,0,55,,21710,10,,,0,15,,21604,10,,,0,15,,21613,10,,,0,15,,21624,10,,,0,55,,21642,10,,,0
20101,'pT7Sep06-Sunday-00',520,,21719,10,,,0,10,,21729,10,,,0,10,,21739,10,,,0,10,,21749,10,,,0,50,,21757,10,,,0,10,,21767,10,,,0,10,,21778,10,,,0,10,,21786,10,,,0,10,,21796,10,,,0,10,,21806,10,,,0,50,,21816,10,,,0,10,,21826,10,,,0,10,,21835,10,,,0,10,,21720,10,,,0,10,,21730,10,,,0,10,,21740,10,,,0,50,,21750,10,,,0,10,,21759,10,,,0,10,,21768,10,,,0,10,,21777,10,,,0,10,,21787,10,,,0,10,,21797,10,,,0,50,,21807,10,,,0,10,,21817,10,,,0,10,,21827,10,,,0,10,,21836,10,,,0,10,,21721,10,,,0,10,,21731,10,,,0,50,,21741,10,,,0,10,,21751,10,,,0,10,,21758,10,,,0,10,,21769,10,,,0,10,,21779,10,,,0,10,,21788,10,,,0,50,,21798,10,,,0,10,,21809,10,,,0,10,,21818,10,,,0,10,,21828,10,,,0,10,,21837,10,,,0,10,,21722,10,,,0,50,,21732,10,,,0,10,,21742,10,,,0,10,,21752,10,,,0,10,,21760,10,,,0,10,,21770,10,,,0,10,,21780,10,,,0,50,,21789,10,,,0,10,,21799,10,,,0,10,,21808,10,,,0,10,,21819,10,,,0,10,,21829,10,,,0,10,,21838,10,,,0,50,,21723,10,,,0,10,,21733,10,,,0,10,,21743,10,,,0,10,,21753,10,,,0,10,,21761,10,,,0,10,,21771,10,,,0,50,,21781,10,,,0,10,,21790,10,,,0,10,,21800,10,,,0,10,,21810,10,,,0,10,,21820,10,,,0,10,,21830,10,,,0,50,,21839,10,,,0,10,,21724,10,,,0,10,,21734,10,,,0,10,,21744,10,,,0,10,,21754,10,,,0,10,,21762,10,,,0,50,,21772,10,,,0,10,,21782,10,,,0,10,,21791,10,,,0,10,,21801,10,,,0,10,,21811,10,,,0,10,,21821,10,,,0,50,,21831,10,,,0,10,,21840,10,,,0,10,,21726,10,,,0,10,,21735,10,,,0,10,,21745,10,,,0,10,,21755,10,,,0,50,,21763,10,,,0,10,,21773,10,,,0,10,,21783,10,,,0,10,,21792,10,,,0,10,,21802,10,,,0,10,,21813,10,,,0,50,,21822,10,,,0,10,,21832,10,,,0,10,,21841,10,,,0,10,,21725,10,,,0,10,,21736,10,,,0,10,,21746,10,,,0,50,,21756,10,,,0,10,,21764,10,,,0,10,,21774,10,,,0,10,,21784,10,,,0,10,,21794,10,,,0,10,,21803,10,,,0,50,,21812,10,,,0,15,,21823,10,,,0,15,,21833,10,,,0,7,,21842,10,,,0,8,,21727,10,,,0,55,,21737,10,,,0,15,,21747,10,,,0,15,,21765,10,,,0,15,,21775,10,,,0,55,,21793,10,,,0,15,,21804,10,,,0,15,,21814,10,,,0,15,,21824,10,,,0,55,,21834,10,,,0,15,,21728,10,,,0,15,,21738,10,,,0,15,,21748,10,,,0,55,,21766,10,,,0
20200,'Saturday-00',527,,19627,8,,,0,10,,19637,8,,,0,10,,19649,8,,,0,10,,19659,8,,,0,50,,19672,8,,,0,10,,19684,8,,,0,10,,19694,8,,,0,10,,19706,8,,,0,10,,19718,8,,,0,10,,19728,8,,,0,50,,19740,8,,,0,10,,19628,8,,,0,10,,19638,8,,,0,10,,19650,8,,,0,10,,19660,8,,,0,10,,19673,8,,,0,50,,19685,8,,,0,10,,19695,8,,,0,10,,19707,8,,,0,10,,19719,8,,,0,10,,19729,8,,,0,10,,19741,8,,,0,50,,19629,8,,,0,10,,19639,8,,,0,10,,19651,8,,,0,10,,19661,8,,,0,10,,19674,8,,,0,10,,19686,8,,,0,50,,19696,8,,,0,10,,19708,8,,,0,10,,19720,8,,,0,10,,19730,8,,,0,10,,19742,8,,,0,10,,19630,8,,,0,50,,19640,8,,,0,10,,19652,8,,,0,10,,19662,8,,,0,10,,19675,8,,,0,10,,19687,8,,,0,10,,19697,8,,,0,50,,19709,8,,,0,10,,19721,8,,,0,10,,19731,8,,,0,10,,19743,8,,,0,10,,19631,8,,,0,10,,19641,8,,,0,50,,19653,8,,,0,10,,19663,8,,,0,10,,19676,8,,,0,10,,19688,8,,,0,10,,19698,8,,,0,10,,19710,8,,,0,50,,19722,8,,,0,10,,19732,8,,,0,10,,19744,8,,,0,10,,19632,8,,,0,10,,19642,8,,,0,10,,19654,8,,,0,50,,19665,8,,,0,10,,19677,8,,,0,10,,19689,8,,,0,10,,19699,8,,,0,10,,19711,8,,,0,10,,19723,8,,,0,50,,19733,8,,,0,10,,19745,8,,,0,10,,19633,8,,,0,10,,19643,8,,,0,10,,19655,8,,,0,10,,19664,8,,,0,50,,19678,8,,,0,10,,19690,8,,,0,10,,19700,8,,,0,10,,19712,8,,,0,10,,19724,8,,,0,10,,19734,8,,,0,50,,19746,8,,,0,10,,19634,8,,,0,10,,19644,8,,,0,10,,19656,8,,,0,10,,19666,8,,,0,10,,19679,8,,,0,50,,19691,8,,,0,10,,19701,8,,,0,10,,19713,8,,,0,10,,19725,8,,,0,10,,19736,8,,,0,10,,19747,8,,,0,50,,19635,8,,,0,10,,19645,8,,,0,10,,19657,8,,,0,10,,19667,8,,,0,10,,19680,8,,,0,10,,19692,8,,,0,50,,19702,8,,,0,10,,19714,8,,,0,10,,19726,8,,,0,10,,19735,8,,,0,10,,19748,8,,,0,10,,19636,8,,,0,48,,19646,8,,,0,15,,19668,8,,,0,15,,19681,8,,,0,15,,19703,8,,,0,55,,19715,8,,,0,15,,19737,8,,,0,15,,19749,8,,,0,15,,19647,8,,,0,55,,19669,8,,,0,15,,19682,8,,,0,15,,19704,8,,,0,15,,19716,8,,,0,55,,19738,8,,,0,15,,19750,8,,,0,15,,19648,8,,,0,15,,19670,8,,,0
20200,'Sunday-00',527,,19751,8,,,0,10,,19761,8,,,0,10,,19773,8,,,0,10,,19782,8,,,0,50,,19796,8,,,0,10,,19808,8,,,0,10,,19819,8,,,0,10,,19830,8,,,0,10,,19842,8,,,0,10,,19852,8,,,0,50,,19864,8,,,0,10,,19753,8,,,0,10,,19762,8,,,0,10,,19774,8,,,0,10,,19786,8,,,0,10,,19797,8,,,0,50,,19809,8,,,0,10,,19818,8,,,0,10,,19831,8,,,0,10,,19843,8,,,0,10,,19853,8,,,0,10,,19865,8,,,0,50,,19752,8,,,0,10,,19763,8,,,0,10,,19775,8,,,0,10,,19783,8,,,0,10,,19798,8,,,0,10,,19810,8,,,0,50,,19820,8,,,0,10,,19832,8,,,0,10,,19844,8,,,0,10,,19854,8,,,0,10,,19866,8,,,0,10,,19754,8,,,0,50,,19764,8,,,0,10,,19776,8,,,0,10,,19784,8,,,0,10,,19799,8,,,0,10,,19811,8,,,0,10,,19821,8,,,0,50,,19833,8,,,0,10,,19845,8,,,0,10,,19856,8,,,0,10,,19867,8,,,0,10,,19755,8,,,0,10,,19765,8,,,0,50,,19777,8,,,0,10,,19787,8,,,0,10,,19800,8,,,0,10,,19812,8,,,0,10,,19822,8,,,0,10,,19834,8,,,0,50,,19846,8,,,0,10,,19855,8,,,0,10,,19868,8,,,0,10,,19756,8,,,0,10,,19766,8,,,0,10,,19778,8,,,0,50,,19788,8,,,0,10,,19801,8,,,0,10,,19813,8,,,0,10,,19823,8,,,0,10,,19835,8,,,0,10,,19847,8,,,0,50,,19857,8,,,0,10,,19869,8,,,0,10,,19757,8,,,0,10,,19767,8,,,0,10,,19779,8,,,0,10,,19789,8,,,0,50,,19802,8,,,0,10,,19814,8,,,0,10,,19824,8,,,0,10,,19836,8,,,0,10,,19848,8,,,0,10,,19858,8,,,0,50,,19870,8,,,0,10,,19758,8,,,0,10,,19768,8,,,0,10,,19780,8,,,0,10,,19790,8,,,0,10,,19803,8,,,0,50,,19815,8,,,0,10,,19825,8,,,0,10,,19837,8,,,0,10,,19849,8,,,0,10,,19859,8,,,0,10,,19871,8,,,0,50,,19759,8,,,0,10,,19769,8,,,0,10,,19785,8,,,0,10,,19791,8,,,0,10,,19804,8,,,0,10,,19816,8,,,0,50,,19826,8,,,0,10,,19838,8,,,0,10,,19850,8,,,0,10,,19860,8,,,0,10,,19872,8,,,0,10,,19760,8,,,0,48,,19770,8,,,0,15,,19792,8,,,0,15,,19805,8,,,0,15,,19827,8,,,0,55,,19839,8,,,0,15,,19861,8,,,0,15,,19873,8,,,0,15,,19771,8,,,0,55,,19793,8,,,0,15,,19806,8,,,0,15,,19828,8,,,0,15,,19840,8,,,0,55,,19862,8,,,0,15,,19874,8,,,0,15,,19772,8,,,0,15,,19794,8,,,0
20200,'Weekday-00',447,,19875,8,,,0,12,,19876,8,,,0,49,,19877,8,,,0,11,,19878,8,,,0,10,,19879,8,,,0,10,,19880,8,,,0,10,,19881,8,,,0,9,,19882,8,,,0,49,,19883,8,,,0,10,,19884,8,,,0,5,,19885,8,,,0,5,,19886,8,,,0,5,,19887,8,,,0,5,,19888,8,,,0,5,,19889,8,,,0,5,,19890,8,,,0,5,,19891,8,,,0,5,,19892,8,,,0,45,,19893,8,,,0,5,,19894,8,,,0,5,,19895,8,,,0,5,,19897,8,,,0,5,,19898,8,,,0,5,,19899,8,,,0,5,,19896,8,,,0,5,,19900,8,,,0,5,,19902,8,,,0,5,,19903,8,,,0,5,,19904,8,,,0,5,,19901,8,,,0,45,,19905,8,,,0,5,,19906,8,,,0,5,,19908,8,,,0,5,,19909,8,,,0,5,,19910,8,,,0,5,,19907,8,,,0,5,,19911,8,,,0,5,,19912,8,,,0,5,,19915,8,,,0,5,,19916,8,,,0,5,,19913,8,,,0,6,,19914,8,,,0,45,,19917,8,,,0,5,,19918,8,,,0,5,,19919,8,,,0,5,,19920,8,,,0,5,,20031,8,,,0,5,,19921,8,,,0,5,,20032,8,,,0,5,,19922,8,,,0,5,,20029,8,,,0,5,,19923,8,,,0,10,,19924,8,,,0,50,,19925,8,,,0,10,,19926,8,,,0,10,,19927,8,,,0,6,,19928,8,,,0,10,,19929,8,,,0,10,,19930,8,,,0,50,,19931,8,,,0,10,,19932,8,,,0,10,,19933,8,,,0,10,,19934,8,,,0,10,,19935,8,,,0,10,,19936,8,,,0,50,,19937,8,,,0,10,,19938,8,,,0,10,,19939,8,,,0,10,,19940,8,,,0,10,,19941,8,,,0,10,,19942,8,,,0,50,,19943,8,,,0,10,,19944,8,,,0,10,,19945,8,,,0,10,,19946,8,,,0,10,,19947,8,,,0,10,,19948,8,,,0,50,,19949,8,,,0,10,,19950,8,,,0,12,,19951,8,,,0,8,,19952,8,,,0,13,,19953,8,,,0,10,,19954,8,,,0,50,,19955,8,,,0,5,,19956,8,,,0,5,,19957,8,,,0,5,,19958,8,,,0,5,,19959,8,,,0,5,,19960,8,,,0,5,,19961,8,,,0,4,,19962,8,,,0,6,,19963,8,,,0,5,,19964,8,,,0,5,,19965,8,,,0,45,,19966,8,,,0,5,,19967,8,,,0,5,,19968,8,,,0,5,,19969,8,,,0,5,,19970,8,,,0,5,,19971,8,,,0,5,,19973,8,,,0,5,,19974,8,,,0,5,,19975,8,,,0,5,,19972,8,,,0,5,,19977,8,,,0,5,,19978,8,,,0,45,,19979,8,,,0,5,,19976,8,,,0,5,,19980,8,,,0,5,,19981,8,,,0,5,,19983,8,,,0,5,,19984,8,,,0,5,,19985,8,,,0,5,,19982,8,,,0,5,,19986,8,,,0,5,,19987,8,,,0,5,,19990,8,,,0,5,,19991,8,,,0,44,,19988,8,,,0,5,,19989,8,,,0,5,,19992,8,,,0,5,,19993,8,,,0,5,,20028,8,,,0,5,,19994,8,,,0,4,,20030,8,,,0,4,,20024,8,,,0,3,,19995,8,,,0,4,,20025,8,,,0,5,,19996,8,,,0,5,,20026,8,,,0,5,,19997,8,,,0,45,,20027,8,,,0,5,,19998,8,,,0,10,,19999,8,,,0,10,,20000,8,,,0,10,,20001,8,,,0,10,,20002,8,,,0,10,,20003,8,,,0,50,,20004,8,,,0,10,,20005,8,,,0,10,,20006,8,,,0,10,,20007,8,,,0,10,,20008,8,,,0,10,,20009,8,,,0,49,,20010,8,,,0,12,,20039,8,,,0,14,,20040,8,,,0,8,,20038,8,,,0,8,,20041,8,,,0,54,,20042,8,,,0,15,,20043,8,,,0,15,,20044,8,,,0,15,,20046,8,,,0,55,,20047,8,,,0,15,,20048,8,,,0,15,,20045,8,,,0,15,,20049,8,,,0,55,,20050,8,,,0,15,,20051,8,,,0,15,,20052,8,,,0,15,,20053,8,,,0,55,,20054,8,,,0,15,,20055,8,,,0,15,,20056,8,,,0,20,,20011,8,,,0
20200,'LR3Sep30-Saturday-01',447,,20057,8,,,0,11,,20065,8,,,0,50,,20077,8,,,0,10,,20090,8,,,0,10,,20103,8,,,0,10,,20183,8,,,0,10,,20122,8,,,0,10,,20187,8,,,0,50,,20147,8,,,0,9,,20160,8,,,0,10,,20167,8,,,0,7,,20058,8,,,0,7,,20066,8,,,0,7,,20178,8,,,0,7,,20078,8,,,0,47,,20091,8,,,0,7,,20180,8,,,0,7,,20104,8,,,0,7,,20112,8,,,0,7,,20184,8,,,0,7,,20123,8,,,0,7,,20135,8,,,0,7,,20188,8,,,0,7,,20148,8,,,0,47,,20161,8,,,0,7,,20191,8,,,0,7,,20168,8,,,0,7,,20059,8,,,0,7,,20067,8,,,0,7,,20179,8,,,0,7,,20079,8,,,0,7,,20092,8,,,0,47,,20181,8,,,0,7,,20105,8,,,0,7,,20113,8,,,0,6,,20185,8,,,0,7,,20124,8,,,0,6,,20136,8,,,0,8,,20189,8,,,0,6,,20149,8,,,0,6,,20162,8,,,0,47,,20192,8,,,0,9,,20169,8,,,0,8,,20060,8,,,0,10,,20068,8,,,0,6,,20080,8,,,0,10,,20093,8,,,0,10,,20106,8,,,0,50,,20114,8,,,0,10,,20125,8,,,0,10,,20137,8,,,0,10,,20150,8,,,0,10,,20163,8,,,0,10,,20170,8,,,0,50,,20061,8,,,0,10,,20069,8,,,0,10,,20081,8,,,0,10,,20094,8,,,0,10,,20107,8,,,0,10,,20115,8,,,0,50,,20126,8,,,0,10,,20138,8,,,0,10,,20151,8,,,0,10,,20164,8,,,0,10,,20171,8,,,0,10,,20062,8,,,0,50,,20070,8,,,0,10,,20082,8,,,0,12,,20095,8,,,0,8,,20108,8,,,0,13,,20116,8,,,0,10,,20127,8,,,0,49,,20139,8,,,0,9,,20152,8,,,0,7,,20165,8,,,0,8,,20193,8,,,0,7,,20172,8,,,0,7,,20197,8,,,0,7,,20063,8,,,0,6,,20071,8,,,0,47,,20083,8,,,0,7,,20096,8,,,0,7,,20202,8,,,0,7,,20109,8,,,0,7,,20117,8,,,0,7,,20205,8,,,0,7,,20128,8,,,0,7,,20140,8,,,0,47,,20208,8,,,0,7,,20153,8,,,0,7,,20166,8,,,0,7,,20194,8,,,0,7,,20173,8,,,0,7,,20198,8,,,0,7,,20064,8,,,0,7,,20072,8,,,0,6,,20084,8,,,0,47,,20097,8,,,0,6,,20203,8,,,0,6,,20110,8,,,0,6,,20118,8,,,0,7,,20206,8,,,0,4,,20129,8,,,0,7,,20141,8,,,0,6,,20209,8,,,0,7,,20154,8,,,0,7,,20195,8,,,0,47,,20174,8,,,0,11,,20199,8,,,0,10,,20073,8,,,0,11,,20085,8,,,0,9,,20098,8,,,0,10,,20119,8,,,0,50,,20130,8,,,0,10,,20142,8,,,0,10,,20155,8,,,0,10,,20196,8,,,0,10,,20175,8,,,0,10,,20200,8,,,0,50,,20074,8,,,0,11,,20086,8,,,0,11,,20099,8,,,0,11,,20120,8,,,0,8,,20131,8,,,0,54,,20143,8,,,0,15,,20156,8,,,0,15,,20176,8,,,0,15,,20075,8,,,0,55,,20087,8,,,0,15,,20100,8,,,0,15,,20132,8,,,0,15,,20144,8,,,0,55,,20157,8,,,0,15,,20177,8,,,0,15,,20076,8,,,0,15,,20088,8,,,0,55,,20101,8,,,0,15,,20133,8,,,0,15,,20145,8,,,0,20,,20158,8,,,0
20200,'pT1Sep07-Sunday-00',431,,21843,8,0,18 19,0,10,,21865,8,0,18 19,0,10,,21887,8,0,18 19,0,50,,21909,8,0,18 19,0,10,,21931,8,0,18 19,0,10,,21952,8,0,18 19,0,10,,21844,8,0,18 19,0,10,,21866,8,0,18 19,0,10,,21888,8,0,18 19,0,50,,21910,8,0,18 19,0,10,,21932,8,0,18 19,0,10,,21953,8,0,18 19,0,10,,21845,8,0,18 19,0,10,,21867,8,0,18 19,0,10,,21889,8,0,18 19,0,50,,21911,8,0,18 19,0,10,,21933,8,0,18 19,0,10,,21954,8,0,18 19,0,10,,21846,8,0,18 19,0,10,,21868,8,0,18 19,0,10,,21890,8,0,18 19,0,50,,21912,8,0,18 19,0,10,,21934,8,0,18 19,0,10,,21955,8,0,18 19,0,10,,21847,8,0,18 19,0,10,,21869,8,0,18 19,0,10,,21891,8,0,18 19,0,50,,21913,8,0,18 19,0,10,,21935,8,0,18 19,0,10,,21956,8,0,18 19,0,10,,21848,8,0,18 19,0,10,,21870,8,0,18 19,0,10,,21892,8,0,18 19,0,50,,21914,8,0,18 19,0,10,,21936,8,0,18 19,0,10,,21957,8,0,18 19,0,10,,21849,8,0,18 19,0,10,,21871,8,0,18 19,0,10,,21893,8,0,18 19,0,50,,21915,8,0,18 19,0,10,,21937,8,0,18 19,0,10,,21958,8,0,18 19,0,10,,21850,8,0,18 19,0,10,,21872,8,0,18 19,0,10,,21894,8,0,18 19,0,50,,21916,8,0,18 19,0,10,,21938,8,0,18 19,0,10,,21959,8,0,18 19,0,10,,21851,8,0,18 19,0,10,,21873,8,0,18 19,0,10,,21895,8,0,18 19,0,50,,21917,8,0,18 19,0,10,,21939,8,0,18 19,0,10,,21960,8,0,18 19,0,10,,21852,8,0,18 19,0,10,,21874,8,0,18 19,0,10,,21896,8,0,18 19,0,50,,21918,8,0,18 19,0,10,,21940,8,0,18 19,0,10,,21961,8,0,18 19,0,10,,21853,8,0,18 19,0,10,,21875,8,0,18 19,0,10,,21897,8,0,18 19,0,50,,21919,8,0,18 19,0,10,,21941,8,0,18 19,0,10,,21962,8,0,18 19,0,10,,21854,8,0,18 19,0,10,,21876,8,0,18 19,0,10,,21898,8,0,18 19,0,50,,21920,8,0,18 19,0,10,,21942,8,0,18 19,0,10,,21963,8,0,18 19,0,10,,21855,8,0,18 19,0,10,,21877,8,0,18 19,0,10,,21899,8,0,18 19,0,50,,21921,8,0,18 19,0,10,,21943,8,0,18 19,0,10,,21964,8,0,18 19,0,10,,21856,8,0,18 19,0,10,,21878,8,0,18 19,0,10,,21900,8,0,18 19,0,50,,21922,8,0,18 19,0,10,,21944,8,0,18 19,0,10,,21965,8,0,18 19,0,10,,21857,8,0,18 19,0,10,,21879,8,0,18 19,0,10,,21901,8,0,18 19,0,50,,21923,8,0,18 19,0,10,,21945,8,0,18 19,0,10,,21966,8,0,18 19,0,10,,21858,8,0,18 19,0,10,,21880,8,0,18 19,0,10,,21902,8,0,18 19,0,50,,21924,8,0,18 19,0,10,,21946,8,0,18 19,0,10,,21967,8,0,18 19,0,10,,21859,8,0,18 19,0,10,,21881,8,0,18 19,0,10,,21903,8,0,18 19,0,50,,21925,8,0,18 19,0,10,,21947,8,0,18 19,0,10,,21968,8,0,18 19,0,10,,21860,8,0,18 19,0,10,,21882,8,0,18 19,0,9,,21904,8,0,18 19,0,51,,21926,8,0,18 19,0,10,,21948,8,0,18 19,0,9,,21969,8,0,18 19,0,11,,21861,8,0,18 19,0,10,,21883,8,0,18 19,0,9,,21905,8,0,18 19,0,51,,21927,8,0,18 19,0,10,,21950,8,0,18 19,0,9,,21970,8,0,18 19,0,11,,21862,8,0,18 19,0,10,,21884,8,0,18 19,0,9,,21906,8,0,18 19,0,51,,21928,8,0,18 19,0,9,,21949,8,0,18 19,0,10,,21971,8,0,18 19,0,11,,21863,8,0,18 19,0,9,,21885,8,0,18 19,0,11,,21907,8,0,18 19,0,50,,21929,8,0,18 19,0,8,,21951,8,0,18 19,0,11,,21972,8,0,18 19,0,11,,21864,8,0,18 19,0,8,,21886,8,0,18 19,0,12,,21908,8,0,18 19,0,50,,21930,8,0,18 19,0
20200,'pT5Sep04-Weekday-00',447,,22106,8,,,0,12,,22107,8,,,0,49,,22108,8,,,0,11,,22109,8,,,0,10,,22111,8,,,0,10,,22112,8,,,0,10,,22113,8,,,0,9,,22110,8,,,0,49,,22114,8,,,0,10,,22115,8,,,0,5,,22116,8,,,0,5,,22117,8,,,0,5,,22118,8,,,0,5,,22119,8,,,0,5,,22120,8,,,0,5,,22121,8,,,0,5,,22122,8,,,0,5,,22123,8,,,0,45,,22124,8,,,0,5,,22125,8,,,0,5,,22126,8,,,0,5,,22128,8,,,0,5,,22129,8,,,0,5,,22130,8,,,0,5,,22127,8,,,0,5,,22131,8,,,0,5,,22133,8,,,0,5,,22134,8,,,0,5,,22135,8,,,0,5,,22132,8,,,0,45,,22136,8,,,0,5,,22137,8,,,0,5,,22139,8,,,0,5,,22140,8,,,0,5,,22141,8,,,0,5,,22138,8,,,0,5,,22142,8,,,0,5,,22143,8,,,0,5,,22146,8,,,0,5,,22147,8,,,0,5,,22144,8,,,0,6,,22145,8,,,0,45,,22148,8,,,0,5,,22149,8,,,0,5,,22150,8,,,0,5,,22151,8,,,0,5,,22258,8,,,0,5,,22152,8,,,0,5,,22259,8,,,0,5,,22153,8,,,0,5,,22256,8,,,0,5,,22154,8,,,0,10,,22155,8,,,0,50,,22156,8,,,0,10,,22157,8,,,0,10,,22158,8,,,0,6,,22159,8,,,0,10,,22160,8,,,0,10,,22161,8,,,0,50,,22162,8,,,0,10,,22163,8,,,0,10,,22164,8,,,0,10,,22165,8,,,0,10,,22166,8,,,0,10,,22167,8,,,0,50,,22168,8,,,0,10,,22169,8,,,0,10,,22170,8,,,0,10,,22171,8,,,0,10,,22172,8,,,0,10,,22173,8,,,0,50,,22174,8,,,0,10,,22175,8,,,0,10,,22176,8,,,0,10,,22177,8,,,0,10,,22178,8,,,0,10,,22179,8,,,0,50,,22180,8,,,0,10,,22181,8,,,0,12,,22182,8,,,0,8,,22183,8,,,0,13,,22185,8,,,0,10,,22186,8,,,0,50,,22187,8,,,0,5,,22184,8,,,0,5,,22188,8,,,0,5,,22189,8,,,0,5,,22190,8,,,0,5,,22191,8,,,0,5,,22192,8,,,0,4,,22193,8,,,0,6,,22194,8,,,0,5,,22195,8,,,0,5,,22196,8,,,0,45,,22197,8,,,0,5,,22198,8,,,0,5,,22199,8,,,0,5,,22200,8,,,0,5,,22201,8,,,0,5,,22202,8,,,0,5,,22204,8,,,0,5,,22205,8,,,0,5,,22206,8,,,0,5,,22203,8,,,0,5,,22208,8,,,0,5,,22209,8,,,0,45,,22210,8,,,0,5,,22207,8,,,0,5,,22211,8,,,0,5,,22212,8,,,0,5,,22214,8,,,0,5,,22215,8,,,0,5,,22216,8,,,0,5,,22213,8,,,0,5,,22217,8,,,0,5,,22218,8,,,0,5,,22221,8,,,0,5,,22222,8,,,0,44,,22219,8,,,0,5,,22220,8,,,0,5,,22223,8,,,0,5,,22224,8,,,0,5,,22255,8,,,0,5,,22225,8,,,0,4,,22257,8,,,0,7,,22226,8,,,0,9,,22227,8,,,0,10,,22228,8,,,0,50,,22229,8,,,0,10,,22230,8,,,0,10,,22231,8,,,0,10,,22232,8,,,0,10,,22233,8,,,0,10,,22234,8,,,0,50,,22235,8,,,0,10,,22236,8,,,0,10,,22237,8,,,0,10,,22238,8,,,0,10,,22239,8,,,0,10,,22240,8,,,0,49,,22241,8,,,0,12,,22265,8,,,0,14,,22266,8,,,0,16,,22267,8,,,0,54,,22268,8,,,0,15,,22269,8,,,0,15,,22270,8,,,0,15,,22272,8,,,0,55,,22273,8,,,0,15,,22274,8,,,0,15,,22271,8,,,0,15,,22275,8,,,0,55,,22276,8,,,0,15,,22277,8,,,0,15,,22278,8,,,0,15,,22279,8,,,0,55,,22280,8,,,0,15,,22281,8,,,0,15,,22282,8,,,0,20,,22242,8,,,0
20200,'pT6Sep05-Saturday-00',431,,22283,8,0,18 19,0,10,,22305,8,0,18 19,0,10,,22327,8,0,18 19,0,50,,22349,8,0,18 19,0,10,,22371,8,0,18 19,0,10,,22392,8,0,18 19,0,10,,22284,8,0,18 19,0,10,,22306,8,0,18 19,0,10,,22328,8,0,18 19,0,50,,22350,8,0,18 19,0,10,,22372,8,0,18 19,0,10,,22393,8,0,18 19,0,10,,22285,8,0,18 19,0,10,,22307,8,0,18 19,0,10,,22329,8,0,18 19,0,50,,22351,8,0,18 19,0,10,,22373,8,0,18 19,0,10,,22394,8,0,18 19,0,10,,22286,8,0,18 19,0,10,,22308,8,0,18 19,0,10,,22330,8,0,18 19,0,50,,22352,8,0,18 19,0,10,,22374,8,0,18 19,0,10,,22395,8,0,18 19,0,10,,22287,8,0,18 19,0,10,,22309,8,0,18 19,0,10,,22331,8,0,18 19,0,50,,22353,8,0,18 19,0,10,,22375,8,0,18 19,0,10,,22396,8,0,18 19,0,10,,22288,8,0,18 19,0,10,,22310,8,0,18 19,0,10,,22332,8,0,18 19,0,50,,22354,8,0,18 19,0,10,,22376,8,0,18 19,0,10,,22397,8,0,18 19,0,10,,22289,8,0,18 19,0,10,,22311,8,0,18 19,0,10,,22333,8,0,18 19,0,50,,22355,8,0,18 19,0,10,,22377,8,0,18 19,0,10,,22398,8,0,18 19,0,10,,22290,8,0,18 19,0,10,,22312,8,0,18 19,0,10,,22334,8,0,18 19,0,50,,22356,8,0,18 19,0,10,,22378,8,0,18 19,0,10,,22399,8,0,18 19,0,10,,22291,8,0,18 19,0,10,,22313,8,0,18 19,0,10,,22335,8,0,18 19,0,50,,22357,8,0,18 19,0,10,,22379,8,0,18 19,0,10,,22400,8,0,18 19,0,10,,22292,8,0,18 19,0,10,,22314,8,0,18 19,0,10,,22336,8,0,18 19,0,50,,22358,8,0,18 19,0,10,,22380,8,0,18 19,0,10,,22401,8,0,18 19,0,10,,22293,8,0,18 19,0,10,,22315,8,0,18 19,0,10,,22337,8,0,18 19,0,50,,22359,8,0,18 19,0,10,,22381,8,0,18 19,0,10,,22402,8,0,18 19,0,10,,22294,8,0,18 19,0,10,,22316,8,0,18 19,0,10,,22338,8,0,18 19,0,50,,22360,8,0,18 19,0,10,,22382,8,0,18 19,0,10,,22405,8,0,18 19,0,10,,22295,8,0,18 19,0,10,,22317,8,0,18 19,0,10,,22339,8,0,18 19,0,50,,22361,8,0,18 19,0,10,,22383,8,0,18 19,0,10,,22403,8,0,18 19,0,10,,22296,8,0,18 19,0,10,,22318,8,0,18 19,0,10,,22340,8,0,18 19,0,50,,22362,8,0,18 19,0,10,,22384,8,0,18 19,0,10,,22404,8,0,18 19,0,10,,22298,8,0,18 19,0,10,,22319,8,0,18 19,0,10,,22341,8,0,18 19,0,50,,22363,8,0,18 19,0,10,,22385,8,0,18 19,0,10,,22406,8,0,18 19,0,10,,22299,8,0,18 19,0,10,,22320,8,0,18 19,0,10,,22342,8,0,18 19,0,50,,22364,8,0,18 19,0,10,,22387,8,0,18 19,0,10,,22407,8,0,18 19,0,10,,22297,8,0,18 19,0,10,,22321,8,0,18 19,0,10,,22343,8,0,18 19,0,50,,22365,8,0,18 19,0,10,,22388,8,0,18 19,0,10,,22408,8,0,18 19,0,10,,22300,8,0,18 19,0,10,,22322,8,0,18 19,0,9,,22344,8,0,18 19,0,51,,22366,8,0,18 19,0,10,,22386,8,0,18 19,0,9,,22409,8,0,18 19,0,11,,22301,8,0,18 19,0,10,,22323,8,0,18 19,0,9,,22345,8,0,18 19,0,51,,22367,8,0,18 19,0,10,,22389,8,0,18 19,0,9,,22410,8,0,18 19,0,11,,22302,8,0,18 19,0,10,,22324,8,0,18 19,0,9,,22346,8,0,18 19,0,51,,22368,8,0,18 19,0,9,,22390,8,0,18 19,0,10,,22411,8,0,18 19,0,11,,22303,8,0,18 19,0,9,,22325,8,0,18 19,0,11,,22347,8,0,18 19,0,50,,22369,8,0,18 19,0,8,,22391,8,0,18 19,0,11,,22412,8,0,18 19,0,11,,22304,8,0,18 19,0,8,,22326,8,0,18 19,0,12,,22348,8,0,18 19,0,50,,22370,8,0,18 19,0
20200,'pT7Sep06-Sunday-00',431,,22546,8,0,18 19,0,10,,22567,8,0,18 19,0,10,,22588,8,0,18 19,0,50,,22609,8,0,18 19,0,10,,22630,8,0,18 19,0,10,,22650,8,0,18 19,0,10,,22547,8,0,18 19,0,10,,22568,8,0,18 19,0,10,,22589,8,0,18 19,0,50,,22610,8,0,18 19,0,10,,22631,8,0,18 19,0,10,,22651,8,0,18 19,0,10,,22548,8,0,18 19,0,10,,22569,8,0,18 19,0,10,,22590,8,0,18 19,0,50,,22615,8,0,18 19,0,10,,22632,8,0,18 19,0,10,,22652,8,0,18 19,0,10,,22549,8,0,18 19,0,10,,22570,8,0,18 19,0,10,,22591,8,0,18 19,0,50,,22611,8,0,18 19,0,10,,22633,8,0,18 19,0,10,,22653,8,0,18 19,0,10,,22550,8,0,18 19,0,10,,22571,8,0,18 19,0,10,,22592,8,0,18 19,0,50,,22612,8,0,18 19,0,10,,22634,8,0,18 19,0,10,,22654,8,0,18 19,0,10,,22551,8,0,18 19,0,10,,22573,8,0,18 19,0,10,,22593,8,0,18 19,0,50,,22613,8,0,18 19,0,10,,22635,8,0,18 19,0,10,,22655,8,0,18 19,0,10,,22552,8,0,18 19,0,10,,22572,8,0,18 19,0,10,,22594,8,0,18 19,0,50,,22614,8,0,18 19,0,10,,22636,8,0,18 19,0,10,,22656,8,0,18 19,0,10,,22553,8,0,18 19,0,10,,22574,8,0,18 19,0,10,,22595,8,0,18 19,0,50,,22616,8,0,18 19,0,10,,22637,8,0,18 19,0,10,,22657,8,0,18 19,0,10,,22554,8,0,18 19,0,10,,22575,8,0,18 19,0,10,,22596,8,0,18 19,0,50,,22617,8,0,18 19,0,10,,22638,8,0,18 19,0,10,,22658,8,0,18 19,0,10,,22555,8,0,18 19,0,10,,22576,8,0,18 19,0,10,,22597,8,0,18 19,0,50,,22618,8,0,18 19,0,10,,22639,8,0,18 19,0,10,,22659,8,0,18 19,0,10,,22556,8,0,18 19,0,10,,22577,8,0,18 19,0,10,,22598,8,0,18 19,0,50,,22619,8,0,18 19,0,10,,22640,8,0,18 19,0,10,,22660,8,0,18 19,0,10,,22557,8,0,18 19,0,10,,22578,8,0,18 19,0,10,,22599,8,0,18 19,0,50,,22620,8,0,18 19,0,10,,22641,8,0,18 19,0,10,,22661,8,0,18 19,0,10,,22558,8,0,18 19,0,10,,22579,8,0,18 19,0,10,,22600,8,0,18 19,0,50,,22621,8,0,18 19,0,10,,22642,8,0,18 19,0,10,,22662,8,0,18 19,0,10,,22559,8,0,18 19,0,10,,22580,8,0,18 19,0,10,,22601,8,0,18 19,0,50,,22622,8,0,18 19,0,10,,22643,8,0,18 19,0,10,,22663,8,0,18 19,0,10,,22560,8,0,18 19,0,10,,22581,8,0,18 19,0,10,,22602,8,0,18 19,0,50,,22623,8,0,18 19,0,10,,22644,8,0,18 19,0,10,,22664,8,0,18 19,0,10,,22561,8,0,18 19,0,10,,22582,8,0,18 19,0,10,,22603,8,0,18 19,0,50,,22624,8,0,18 19,0,10,,22645,8,0,18 19,0,10,,22665,8,0,18 19,0,10,,22562,8,0,18 19,0,10,,22583,8,0,18 19,0,10,,22604,8,0,18 19,0,50,,22625,8,0,18 19,0,10,,22646,8,0,18 19,0,10,,22666,8,0,18 19,0,10,,22563,8,0,18 19,0,10,,22584,8,0,18 19,0,9,,22605,8,0,18 19,0,51,,22626,8,0,18 19,0,10,,22647,8,0,18 19,0,9,,22667,8,0,18 19,0,11,,22564,8,0,18 19,0,10,,22585,8,0,18 19,0,9,,22606,8,0,18 19,0,51,,22627,8,0,18 19,0,10,,22648,8,0,18 19,0,9,,22668,8,0,18 19,0,11,,22565,8,0,18 19,0,10,,22586,8,0,18 19,0,9,,22607,8,0,18 19,0,51,,22628,8,0,18 19,0,9,,22649,8,0,18 19,0,10,,22669,8,0,18 19,0,11,,22566,8,0,18 19,0,9,,22587,8,0,18 19,0,11,,22608,8,0,18 19,0,50,,22629,8,0,18 19,0,8,,22807,8,0,18 19,0,11,,22808,8,0,18 19,0,11,,22803,8,0,18 19,0,8,,22804,8,0,18 19,0,12,,22805,8,0,18 19,0,50,,22806,8,0,18 19,0
