20101,'Saturday-00',523,,21492,12,,,0,10,,21502,12,,,0,10,,21511,12,,,0,10,,21522,12,,,0,50,,21530,12,,,0,10,,21540,12,,,0,10,,21550,12,,,0,10,,21559,12,,,0,10,,21569,12,,,0,10,,21579,12,,,0,50,,21589,12,,,0,10,,21599,12,,,0,10,,21608,12,,,0,10,,21493,12,,,0,10,,21503,12,,,0,10,,21512,12,,,0,50,,21523,12,,,0,10,,21531,12,,,0,10,,21541,12,,,0,10,,21551,12,,,0,10,,21560,12,,,0,10,,21570,12,,,0,50,,21580,12,,,0,10,,21590,12,,,0,10,,21600,12,,,0,10,,21609,12,,,0,10,,21494,12,,,0,10,,21504,12,,,0,50,,21513,12,,,0,10,,21524,12,,,0,10,,21532,12,,,0,10,,21542,12,,,0,10,,21552,12,,,0,10,,21561,12,,,0,50,,21571,12,,,0,10,,21581,12,,,0,10,,21591,12,,,0,10,,21601,12,,,0,10,,21610,12,,,0,10,,21495,12,,,0,50,,21505,12,,,0,10,,21514,12,,,0,10,,21525,12,,,0,10,,21533,12,,,0,10,,21543,12,,,0,10,,21553,12,,,0,50,,21562,12,,,0,10,,21572,12,,,0,10,,21582,12,,,0,10,,21592,12,,,0,10,,21602,12,,,0,10,,21611,12,,,0,50,,21496,12,,,0,10,,21506,12,,,0,10,,21516,12,,,0,10,,21526,12,,,0,10,,21534,12,,,0,10,,21544,12,,,0,50,,21554,12,,,0,10,,21563,12,,,0,10,,21573,12,,,0,10,,21583,12,,,0,10,,21593,12,,,0,10,,21603,12,,,0,50,,21612,12,,,0,10,,21497,12,,,0,10,,21507,12,,,0,10,,21517,12,,,0,10,,21527,12,,,0,10,,21535,12,,,0,50,,21545,12,,,0,10,,21555,12,,,0,10,,21564,12,,,0,10,,21574,12,,,0,10,,21584,12,,,0,10,,21594,12,,,0,50,,21604,12,,,0,10,,21613,12,,,0,10,,21498,12,,,0,10,,21508,12,,,0,10,,21518,12,,,0,10,,21528,12,,,0,50,,21536,12,,,0,10,,21546,12,,,0,10,,21556,12,,,0,10,,21565,12,,,0,10,,21575,12,,,0,10,,21586,12,,,0,50,,21595,12,,,0,10,,21605,12,,,0,10,,21614,12,,,0,10,,21499,12,,,0,10,,21515,12,,,0,10,,21519,12,,,0,50,,21529,12,,,0,10,,21537,12,,,0,10,,21547,12,,,0,10,,21557,12,,,0,10,,21566,12,,,0,10,,21576,12,,,0,50,,21585,12,,,0,15,,21596,12,,,0,15,,21606,12,,,0,7,,21615,12,,,0,8,,21500,12,,,0,55,,21509,12,,,0,15,,21520,12,,,0,15,,21538,12,,,0,15,,21548,12,,,0,55,,21567,12,,,0,15,,21577,12,,,0,15,,21587,12,,,0,15,,21597,12,,,0,55,,21607,12,,,0,15,,21501,12,,,0,15,,21510,12,,,0,15,,21521,12,,,0,55,,21539,12,,,0
20101,'Sunday-00',523,,21616,12,,,0,10,,21626,12,,,0,10,,21636,12,,,0,10,,21646,12,,,0,50,,21654,12,,,0,10,,21664,12,,,0,10,,21674,12,,,0,10,,21683,12,,,0,10,,21693,12,,,0,10,,21703,12,,,0,50,,21713,12,,,0,10,,21723,12,,,0,10,,21732,12,,,0,10,,21617,12,,,0,10,,21627,12,,,0,10,,21637,12,,,0,50,,21647,12,,,0,10,,21656,12,,,0,10,,21665,12,,,0,10,,21675,12,,,0,10,,21684,12,,,0,10,,21694,12,,,0,50,,21704,12,,,0,10,,21714,12,,,0,10,,21724,12,,,0,10,,21733,12,,,0,10,,21618,12,,,0,10,,21628,12,,,0,50,,21638,12,,,0,10,,21648,12,,,0,10,,21655,12,,,0,10,,21666,12,,,0,10,,21676,12,,,0,10,,21685,12,,,0,50,,21695,12,,,0,10,,21706,12,,,0,10,,21715,12,,,0,10,,21725,12,,,0,10,,21734,12,,,0,10,,21619,12,,,0,50,,21629,12,,,0,10,,21639,12,,,0,10,,21649,12,,,0,10,,21657,12,,,0,10,,21667,12,,,0,10,,21677,12,,,0,50,,21686,12,,,0,10,,21696,12,,,0,10,,21705,12,,,0,10,,21716,12,,,0,10,,21726,12,,,0,10,,21735,12,,,0,50,,21620,12,,,0,10,,21630,12,,,0,10,,21640,12,,,0,10,,21650,12,,,0,10,,21658,12,,,0,10,,21668,12,,,0,50,,21678,12,,,0,10,,21687,12,,,0,10,,21697,12,,,0,10,,21707,12,,,0,10,,21717,12,,,0,10,,21727,12,,,0,50,,21736,12,,,0,10,,21621,12,,,0,10,,21631,12,,,0,10,,21641,12,,,0,10,,21651,12,,,0,10,,21659,12,,,0,50,,21669,12,,,0,10,,21679,12,,,0,10,,21688,12,,,0,10,,21698,12,,,0,10,,21708,12,,,0,10,,21718,12,,,0,50,,21728,12,,,0,10,,21737,12,,,0,10,,21623,12,,,0,10,,21632,12,,,0,10,,21642,12,,,0,10,,21652,12,,,0,50,,21660,12,,,0,10,,21670,12,,,0,10,,21680,12,,,0,10,,21689,12,,,0,10,,21699,12,,,0,10,,21709,12,,,0,50,,21719,12,,,0,10,,21729,12,,,0,10,,21738,12,,,0,10,,21622,12,,,0,10,,21633,12,,,0,10,,21643,12,,,0,50,,21653,12,,,0,10,,21661,12,,,0,10,,21671,12,,,0,10,,21681,12,,,0,10,,21691,12,,,0,10,,21700,12,,,0,50,,21710,12,,,0,15,,21720,12,,,0,15,,21730,12,,,0,7,,21739,12,,,0,8,,21624,12,,,0,55,,21634,12,,,0,15,,21644,12,,,0,15,,21662,12,,,0,15,,21672,12,,,0,55,,21690,12,,,0,15,,21701,12,,,0,15,,21711,12,,,0,15,,21721,12,,,0,55,,21731,12,,,0,15,,21625,12,,,0,15,,21635,12,,,0,15,,21645,12,,,0,55,,21663,12,,,0
20101,'Weekday-00',459,,21740,12,,,0,48,,21741,12,,,0,17,,21904,12,,,0,5,,21743,12,,,0,10,,21744,12,,,0,10,,21745,12,,,0,5,,21882,12,,,0,5,,21742,12,,,0,45,,21883,12,,,0,4,,21746,12,,,0,5,,21747,12,,,0,5,,21908,12,,,0,5,,21750,12,,,0,5,,21906,12,,,0,5,,21751,12,,,0,5,,21748,12,,,0,5,,21749,12,,,0,5,,21752,12,,,0,5,,21753,12,,,0,5,,21754,12,,,0,45,,21755,12,,,0,5,,21756,12,,,0,5,,21757,12,,,0,5,,21758,12,,,0,5,,21759,12,,,0,5,,21760,12,,,0,5,,21761,12,,,0,4,,21762,12,,,0,6,,21763,12,,,0,5,,21764,12,,,0,5,,21765,12,,,0,5,,21766,12,,,0,45,,21767,12,,,0,5,,21768,12,,,0,5,,21770,12,,,0,5,,21771,12,,,0,5,,21772,12,,,0,5,,21769,12,,,0,5,,21773,12,,,0,5,,21774,12,,,0,5,,21775,12,,,0,5,,21776,12,,,0,5,,21777,12,,,0,6,,21778,12,,,0,46,,21779,12,,,0,5,,21780,12,,,0,5,,21781,12,,,0,5,,21782,12,,,0,5,,21783,12,,,0,5,,21784,12,,,0,5,,21914,12,,,0,5,,21785,12,,,0,4,,21913,12,,,0,5,,21786,12,,,0,5,,21915,12,,,0,46,,21787,12,,,0,5,,21916,12,,,0,5,,21788,12,,,0,10,,21789,12,,,0,10,,21791,12,,,0,10,,21792,12,,,0,10,,21793,12,,,0,50,,21790,12,,,0,10,,21794,12,,,0,10,,21795,12,,,0,10,,21796,12,,,0,10,,21797,12,,,0,10,,21798,12,,,0,50,,21799,12,,,0,6,,21800,12,,,0,14,,21801,12,,,0,10,,21802,12,,,0,10,,21803,12,,,0,10,,21804,12,,,0,50,,21805,12,,,0,10,,21807,12,,,0,10,,21808,12,,,0,10,,21809,12,,,0,10,,21806,12,,,0,10,,21810,12,,,0,50,,21811,12,,,0,10,,21812,12,,,0,10,,21813,12,,,0,8,,21814,12,,,0,12,,21815,12,,,0,8,,21816,12,,,0,10,,21818,12,,,0,50,,21819,12,,,0,5,,21907,12,,,0,5,,21820,12,,,0,5,,21817,12,,,0,5,,21821,12,,,0,5,,21822,12,,,0,5,,21825,12,,,0,4,,21826,12,,,0,4,,21922,12,,,0,2,,21823,12,,,0,5,,21824,12,,,0,5,,21827,12,,,0,45,,21828,12,,,0,5,,21829,12,,,0,5,,21830,12,,,0,5,,21831,12,,,0,5,,21832,12,,,0,5,,21833,12,,,0,5,,21834,12,,,0,4,,21835,12,,,0,6,,21836,12,,,0,5,,21837,12,,,0,5,,21838,12,,,0,5,,21839,12,,,0,45,,21840,12,,,0,5,,21841,12,,,0,5,,21842,12,,,0,5,,21843,12,,,0,5,,21844,12,,,0,5,,21845,12,,,0,5,,21846,12,,,0,5,,21847,12,,,0,4,,21848,12,,,0,5,,21849,12,,,0,5,,21850,12,,,0,5,,21923,12,,,0,45,,21851,12,,,0,4,,21852,12,,,0,5,,21853,12,,,0,5,,21854,12,,,0,5,,21855,12,,,0,5,,21856,12,,,0,4,,21857,12,,,0,4,,21920,12,,,0,11,,21858,12,,,0,6,,21859,12,,,0,50,,21860,12,,,0,5,,21921,12,,,0,5,,21861,12,,,0,5,,21881,12,,,0,5,,21862,12,,,0,12,,21863,12,,,0,8,,21864,12,,,0,10,,21866,12,,,0,50,,21867,12,,,0,10,,21868,12,,,0,10,,21865,12,,,0,10,,21869,12,,,0,10,,21870,12,,,0,10,,21871,12,,,0,50,,21872,12,,,0,10,,21873,12,,,0,11,,21874,12,,,0,14,,21885,12,,,0,8,,21902,12,,,0,8,,21884,12,,,0,7,,21903,12,,,0,47,,21886,12,,,0,15,,21887,12,,,0,15,,21888,12,,,0,15,,21889,12,,,0,55,,21890,12,,,0,15,,21891,12,,,0,15,,21892,12,,,0,15,,21893,12,,,0,55,,21894,12,,,0,15,,21895,12,,,0,15,,21896,12,,,0,15,,21897,12,,,0,55,,21898,12,,,0,15,,21899,12,,,0,15,,21900,12,,,0,15,,21901,12,,,0,55,,21880,12,,,0
20101,'LR3Sep30-Saturday-01',459,,21939,12,,,0,50,,21947,12,,,0,10,,21967,12,,,0,10,,22074,12,,,0,10,,22077,12,,,0,7,,21986,12,,,0,7,,21994,12,,,0,6,,22005,12,,,0,47,,22014,12,,,0,8,,22080,12,,,0,8,,22024,12,,,0,6,,22033,12,,,0,7,,22043,12,,,0,7,,22082,12,,,0,7,,22053,12,,,0,7,,22063,12,,,0,47,,22072,12,,,0,7,,21940,12,,,0,7,,21948,12,,,0,7,,21958,12,,,0,7,,21968,12,,,0,7,,22075,12,,,0,7,,21976,12,,,0,7,,22078,12,,,0,7,,21987,12,,,0,47,,21995,12,,,0,7,,22006,12,,,0,7,,22015,12,,,0,7,,22081,12,,,0,7,,22025,12,,,0,7,,22034,12,,,0,7,,22044,12,,,0,7,,22083,12,,,0,47,,22054,12,,,0,7,,22064,12,,,0,7,,22073,12,,,0,6,,21941,12,,,0,7,,21949,12,,,0,11,,21959,12,,,0,9,,21969,12,,,0,5,,22076,12,,,0,46,,21977,12,,,0,7,,22079,12,,,0,4,,21988,12,,,0,9,,21996,12,,,0,9,,22007,12,,,0,11,,22016,12,,,0,10,,22026,12,,,0,50,,22035,12,,,0,10,,22045,12,,,0,10,,22055,12,,,0,10,,22065,12,,,0,10,,21942,12,,,0,10,,21950,12,,,0,50,,21960,12,,,0,10,,21970,12,,,0,10,,21978,12,,,0,10,,21989,12,,,0,10,,21997,12,,,0,10,,22008,12,,,0,50,,22017,12,,,0,10,,22027,12,,,0,10,,22036,12,,,0,10,,22046,12,,,0,10,,22056,12,,,0,10,,22066,12,,,0,50,,21943,12,,,0,10,,21951,12,,,0,10,,21961,12,,,0,8,,21971,12,,,0,12,,21979,12,,,0,8,,21990,12,,,0,6,,21998,12,,,0,48,,22009,12,,,0,9,,22084,12,,,0,9,,22018,12,,,0,7,,22028,12,,,0,4,,22086,12,,,0,6,,22037,12,,,0,6,,22047,12,,,0,6,,22089,12,,,0,7,,22057,12,,,0,46,,22067,12,,,0,7,,22091,12,,,0,7,,21944,12,,,0,7,,21952,12,,,0,7,,22093,12,,,0,7,,21962,12,,,0,7,,21972,12,,,0,7,,22095,12,,,0,7,,21980,12,,,0,47,,21991,12,,,0,7,,21999,12,,,0,7,,22010,12,,,0,7,,22085,12,,,0,7,,22019,12,,,0,7,,22029,12,,,0,7,,22087,12,,,0,7,,22038,12,,,0,46,,22048,12,,,0,7,,22090,12,,,0,7,,22058,12,,,0,7,,22068,12,,,0,6,,22092,12,,,0,5,,21945,12,,,0,5,,21953,12,,,0,6,,22094,12,,,0,6,,21963,12,,,0,7,,21973,12,,,0,47,,22096,12,,,0,7,,21981,12,,,0,7,,21992,12,,,0,7,,22000,12,,,0,8,,22011,12,,,0,6,,22020,12,,,0,6,,22030,12,,,0,8,,22088,12,,,0,49,,22039,12,,,0,10,,22049,12,,,0,10,,22059,12,,,0,10,,22069,12,,,0,10,,21946,12,,,0,10,,21954,12,,,0,50,,21964,12,,,0,10,,21974,12,,,0,11,,21982,12,,,0,14,,22001,12,,,0,8,,22012,12,,,0,8,,22021,12,,,0,7,,22031,12,,,0,47,,22040,12,,,0,15,,22050,12,,,0,15,,22060,12,,,0,15,,22070,12,,,0,55,,21955,12,,,0,15,,21965,12,,,0,15,,21983,12,,,0,15,,22002,12,,,0,55,,22022,12,,,0,15,,22041,12,,,0,15,,22051,12,,,0,15,,22061,12,,,0,55,,22071,12,,,0,15,,21956,12,,,0,15,,21966,12,,,0,15,,21984,12,,,0,55,,22003,12,,,0
20101,'pT1Oct12-Sunday-01',528,,31578,12,0,17 8,0,15,,31591,12,0,17 8,0,15,,31604,12,0,17 8,0,55,,31617,12,0,17 8,0,15,,31630,12,0,17 8,0,15,,31643,12,0,17 8,0,15,,31656,12,0,17 8,0,55,,31579,12,0,17 8,0,15,,31592,12,0,17 8,0,15,,31605,12,0,17 8,0,15,,31618,12,0,17 8,0,55,,31631,12,0,17 8,0,15,,31644,12,0,17 8,0,15,,31657,12,0,17 8,0,15,,31580,12,0,17 8,0,55,,31593,12,0,17 8,0,15,,31606,12,0,17 8,0,15,,31619,12,0,17 8,0,15,,31632,12,0,17 8,0,55,,31646,12,0,17 8,0,15,,31658,12,0,17 8,0,15,,31581,12,0,17 8,0,15,,31594,12,0,17 8,0,55,,31607,12,0,17 8,0,15,,31620,12,0,17 8,0,15,,31633,12,0,17 8,0,15,,31645,12,0,17 8,0,55,,31659,12,0,17 8,0,15,,31582,12,0,17 8,0,15,,31595,12,0,17 8,0,15,,31608,12,0,17 8,0,55,,31621,12,0,17 8,0,15,,31634,12,0,17 8,0,15,,31647,12,0,17 8,0,15,,31660,12,0,17 8,0,55,,31583,12,0,17 8,0,15,,31597,12,0,17 8,0,15,,31609,12,0,17 8,0,15,,31622,12,0,17 8,0,55,,31635,12,0,17 8,0,15,,31648,12,0,17 8,0,15,,31661,12,0,17 8,0,15,,31584,12,0,17 8,0,55,,31598,12,0,17 8,0,15,,31610,12,0,17 8,0,15,,31623,12,0,17 8,0,15,,31636,12,0,17 8,0,55,,31649,12,0,17 8,0,15,,31662,12,0,17 8,0,15,,31585,12,0,17 8,0,15,,31599,12,0,17 8,0,55,,31611,12,0,17 8,0,15,,31624,12,0,17 8,0,15,,31637,12,0,17 8,0,15,,31650,12,0,17 8,0,55,,31663,12,0,17 8,0,15,,31586,12,0,17 8,0,15,,31596,12,0,17 8,0,15,,31612,12,0,17 8,0,55,,31625,12,0,17 8,0,15,,31638,12,0,17 8,0,15,,31651,12,0,17 8,0,15,,31664,12,0,17 8,0,55,,31587,12,0,17 8,0,15,,31600,12,0,17 8,0,15,,31613,12,0,17 8,0,15,,31626,12,0,17 8,0,55,,31639,12,0,17 8,0,15,,31652,12,0,17 8,0,15,,31665,12,0,17 8,0,15,,31588,12,0,17 8,0,55,,31601,12,0,17 8,0,15,,31614,12,0,17 8,0,15,,31627,12,0,17 8,0,15,,31640,12,0,17 8,0,55,,31653,12,0,17 8,0,15,,31666,12,0,17 8,0,15,,31589,12,0,17 8,0,15,,31602,12,0,17 8,0,55,,31615,12,0,17 8,0,15,,31628,12,0,17 8,0,15,,31641,12,0,17 8,0,15,,31654,12,0,17 8,0
20101,'pT6Oct03-Saturday-01',447,,30232,6,,,0,55,,30059,6,,,0,15,,30231,6,,,0,15,,30134,6,,,0,15,,30140,6,,,0,55,,30076,6,,,0,15,,30082,6,,,0,15,,30088,6,,,0,15,,30093,6,,,0,55,,30098,6,,,0,15,,30103,6,,,0,15,,30108,6,,,0,15,,30114,6,,,0,55,,30119,6,,,0,15,,30124,6,,,0,15,,30129,6,,,0,15,,30135,6,,,0,55,,30141,6,,,0,15,,30077,6,,,0,15,,30083,6,,,0,15,,30089,6,,,0,55,,30094,6,,,0,15,,30099,6,,,0,15,,30105,6,,,0,15,,30109,6,,,0,55,,30115,6,,,0,15,,30120,6,,,0,15,,30125,6,,,0,15,,30130,6,,,0,55,,30136,6,,,0,15,,30142,6,,,0,15,,30078,6,,,0,15,,30084,6,,,0,55,,30091,6,,,0,15,,30095,6,,,0,15,,30102,6,,,0,15,,30104,6,,,0,55,,30110,6,,,0,15,,30116,6,,,0,15,,30121,6,,,0,15,,30126,6,,,0,55,,30131,6,,,0,15,,30137,6,,,0,15,,30143,6,,,0,15,,30079,6,,,0,55,,30085,6,,,0,15,,30090,6,,,0,15,,30096,6,,,0,15,,30101,6,,,0,55,,30106,6,,,0,15,,30111,6,,,0,15,,30117,6,,,0,15,,30122,6,,,0,55,,30127,6,,,0,15,,30132,6,,,0,15,,30138,6,,,0,15,,30144,6,,,0,55,,30080,6,,,0,15,,30086,6,,,0,15,,30092,6,,,0,15,,30097,6,,,0,55,,30100,6,,,0,15,,30107,6,,,0,15,,30112,6,,,0,15,,30118,6,,,0,55,,30123,6,,,0,15,,30128,6,,,0,15,,30133,6,,,0,15,,30139,6,,,0,55,,30145,6,,,0,15,,30081,6,,,0,15,,30087,6,,,0,15,,30113,6,,,0,55,,30061,6,,,0,15,,30064,6,,,0,15,,30065,6,,,0,15,,30067,6,,,0,55,,30069,6,,,0,15,,30072,6,,,0,15,,30073,6,,,0,15,,30074,6,,,0,55,,30075,6,,,0,15,,30060,6,,,0,15,,30062,6,,,0,15,,30063,6,,,0,55,,30066,6,,,0
20101,'pT6Oct10-Saturday-01',527,,31827,12,0,17 8,0,15,,31815,12,0,17 8,0,15,,31829,12,0,17 8,0,55,,31842,12,0,17 8,0,15,,31855,12,0,17 8,0,15,,31868,12,0,17 8,0,15,,31881,12,0,17 8,0,55,,31803,12,0,17 8,0,15,,31816,12,0,17 8,0,15,,31830,12,0,17 8,0,15,,31843,12,0,17 8,0,55,,31856,12,0,17 8,0,15,,31869,12,0,17 8,0,15,,31882,12,0,17 8,0,15,,31804,12,0,17 8,0,55,,31817,12,0,17 8,0,15,,31831,12,0,17 8,0,15,,31844,12,0,17 8,0,15,,31857,12,0,17 8,0,55,,31870,12,0,17 8,0,15,,31883,12,0,17 8,0,15,,31805,12,0,17 8,0,15,,31818,12,0,17 8,0,55,,31832,12,0,17 8,0,15,,31845,12,0,17 8,0,15,,31858,12,0,17 8,0,15,,31871,12,0,17 8,0,55,,31884,12,0,17 8,0,15,,31806,12,0,17 8,0,15,,31819,12,0,17 8,0,15,,31833,12,0,17 8,0,55,,31846,12,0,17 8,0,15,,31859,12,0,17 8,0,15,,31872,12,0,17 8,0,15,,31885,12,0,17 8,0,55,,31807,12,0,17 8,0,15,,31820,12,0,17 8,0,15,,31834,12,0,17 8,0,15,,31847,12,0,17 8,0,55,,31860,12,0,17 8,0,15,,31873,12,0,17 8,0,15,,31886,12,0,17 8,0,15,,31808,12,0,17 8,0,55,,31821,12,0,17 8,0,15,,31835,12,0,17 8,0,15,,31848,12,0,17 8,0,15,,31862,12,0,17 8,0,55,,31874,12,0,17 8,0,15,,31887,12,0,17 8,0,15,,31809,12,0,17 8,0,15,,31822,12,0,17 8,0,55,,31836,12,0,17 8,0,15,,31849,12,0,17 8,0,15,,31861,12,0,17 8,0,15,,31875,12,0,17 8,0,55,,31888,12,0,17 8,0,15,,31810,12,0,17 8,0,15,,31823,12,0,17 8,0,15,,31837,12,0,17 8,0,55,,31850,12,0,17 8,0,15,,31863,12,0,17 8,0,15,,31876,12,0,17 8,0,15,,31889,12,0,17 8,0,55,,31811,12,0,17 8,0,15,,31824,12,0,17 8,0,15,,31838,12,0,17 8,0,15,,31851,12,0,17 8,0,55,,31864,12,0,17 8,0,15,,31877,12,0,17 8,0,15,,31891,12,0,17 8,0,15,,31812,12,0,17 8,0,55,,31825,12,0,17 8,0,15,,31839,12,0,17 8,0,15,,31852,12,0,17 8,0,15,,31865,12,0,17 8,0,55,,31878,12,0,17 8,0,15,,31890,12,0,17 8,0,15,,31813,12,0,17 8,0,15,,31826,12,0,17 8,0,55,,31840,12,0,17 8,0,15,,31853,12,0,17 8,0,15,,31866,12,0,17 8,0,15,,31879,12,0,17 8,0
20101,'pT7Oct04-Sunday-01',447,,30233,6,,,0,55,,30246,6,,,0,15,,30259,6,,,0,15,,30271,6,,,0,15,,30284,6,,,0,55,,30297,6,,,0,15,,30310,6,,,0,15,,30234,6,,,0,15,,30247,6,,,0,55,,30260,6,,,0,15,,30272,6,,,0,15,,30285,6,,,0,15,,30298,6,,,0,55,,30311,6,,,0,15,,30235,6,,,0,15,,30248,6,,,0,15,,30261,6,,,0,55,,30273,6,,,0,15,,30286,6,,,0,15,,30299,6,,,0,15,,30312,6,,,0,55,,30236,6,,,0,15,,30249,6,,,0,15,,30262,6,,,0,15,,30274,6,,,0,55,,30287,6,,,0,15,,30300,6,,,0,15,,30313,6,,,0,15,,30237,6,,,0,55,,30250,6,,,0,15,,30263,6,,,0,15,,30275,6,,,0,15,,30288,6,,,0,55,,30301,6,,,0,15,,30314,6,,,0,15,,30238,6,,,0,15,,30251,6,,,0,55,,30264,6,,,0,15,,30276,6,,,0,15,,30289,6,,,0,15,,30302,6,,,0,55,,30315,6,,,0,15,,30239,6,,,0,15,,30252,6,,,0,15,,30265,6,,,0,55,,30277,6,,,0,15,,30290,6,,,0,15,,30303,6,,,0,15,,30316,6,,,0,55,,30240,6,,,0,15,,30253,6,,,0,15,,30266,6,,,0,15,,30278,6,,,0,55,,30291,6,,,0,15,,30304,6,,,0,15,,30317,6,,,0,15,,30241,6,,,0,55,,30254,6,,,0,15,,30267,6,,,0,15,,30279,6,,,0,15,,30292,6,,,0,55,,30305,6,,,0,15,,30318,6,,,0,15,,30243,6,,,0,15,,30255,6,,,0,55,,30268,6,,,0,15,,30280,6,,,0,15,,30293,6,,,0,15,,30306,6,,,0,55,,30319,6,,,0,15,,30242,6,,,0,15,,30256,6,,,0,15,,30269,6,,,0,55,,30282,6,,,0,15,,30294,6,,,0,15,,30307,6,,,0,15,,30320,6,,,0,55,,30244,6,,,0,15,,30257,6,,,0,15,,30270,6,,,0,15,,30281,6,,,0,55,,30295,6,,,0,15,,30308,6,,,0,15,,30321,6,,,0,15,,30245,6,,,0,55,,30258,6,,,0
20101,'pT7Oct11-Sunday-01',528,,32163,12,0,17 8,0,15,,32164,12,0,17 8,0,15,,32165,12,0,17 8,0,55,,32166,12,0,17 8,0,15,,32167,12,0,17 8,0,15,,32168,12,0,17 8,0,15,,32169,12,0,17 8,0,55,,32170,12,0,17 8,0,15,,32171,12,0,17 8,0,15,,32172,12,0,17 8,0,15,,32173,12,0,17 8,0,55,,32174,12,0,17 8,0,15,,32175,12,0,17 8,0,15,,32176,12,0,17 8,0,15,,32177,12,0,17 8,0,55,,32178,12,0,17 8,0,15,,32179,12,0,17 8,0,15,,32180,12,0,17 8,0,15,,32181,12,0,17 8,0,55,,32182,12,0,17 8,0,15,,32183,12,0,17 8,0,15,,32184,12,0,17 8,0,15,,32185,12,0,17 8,0,55,,32186,12,0,17 8,0,15,,32187,12,0,17 8,0,15,,32188,12,0,17 8,0,15,,32189,12,0,17 8,0,55,,32190,12,0,17 8,0,15,,32191,12,0,17 8,0,15,,32192,12,0,17 8,0,15,,32193,12,0,17 8,0,55,,32194,12,0,17 8,0,15,,32195,12,0,17 8,0,15,,32196,12,0,17 8,0,15,,32197,12,0,17 8,0,55,,32198,12,0,17 8,0,15,,32199,12,0,17 8,0,15,,32200,12,0,17 8,0,15,,32201,12,0,17 8,0,55,,32202,12,0,17 8,0,15,,32203,12,0,17 8,0,15,,32204,12,0,17 8,0,15,,32205,12,0,17 8,0,55,,32206,12,0,17 8,0,15,,32207,12,0,17 8,0,15,,32208,12,0,17 8,0,15,,32209,12,0,17 8,0,55,,32210,12,0,17 8,0,15,,32211,12,0,17 8,0,15,,32212,12,0,17 8,0,15,,32213,12,0,17 8,0,55,,32214,12,0,17 8,0,15,,32215,12,0,17 8,0,15,,32216,12,0,17 8,0,15,,32217,12,0,17 8,0,55,,32218,12,0,17 8,0,15,,32219,12,0,17 8,0,15,,32220,12,0,17 8,0,15,,32221,12,0,17 8,0,55,,32222,12,0,17 8,0,15,,32223,12,0,17 8,0,15,,32224,12,0,17 8,0,15,,32225,12,0,17 8,0,55,,32226,12,0,17 8,0,15,,32227,12,0,17 8,0,15,,32228,12,0,17 8,0,15,,32229,12,0,17 8,0,55,,32230,12,0,17 8,0,15,,32231,12,0,17 8,0,15,,32232,12,0,17 8,0,15,,32233,12,0,17 8,0,55,,32234,12,0,17 8,0,15,,32235,12,0,17 8,0,15,,32236,12,0,17 8,0,15,,32237,12,0,17 8,0,55,,32238,12,0,17 8,0,15,,32239,12,0,17 8,0,15,,32240,12,0,17 8,0,15,,32241,12,0,17 8,0,55,,32242,12,0,17 8,0,15,,32243,12,0,17 8,0,15,,32244,12,0,17 8,0,15,,32031,12,0,17 8,0
20200,'Saturday-00',530,,22676,10,,,0,10,,22686,10,,,0,10,,22698,10,,,0,50,,22708,10,,,0,10,,22721,10,,,0,10,,22733,10,,,0,10,,22743,10,,,0,10,,22755,10,,,0,10,,22767,10,,,0,50,,22777,10,,,0,10,,22789,10,,,0,10,,22677,10,,,0,10,,22687,10,,,0,10,,22699,10,,,0,10,,22709,10,,,0,50,,22722,10,,,0,10,,22734,10,,,0,10,,22744,10,,,0,10,,22756,10,,,0,10,,22768,10,,,0,10,,22778,10,,,0,50,,22790,10,,,0,10,,22678,10,,,0,10,,22688,10,,,0,10,,22700,10,,,0,10,,22710,10,,,0,10,,22723,10,,,0,50,,22735,10,,,0,10,,22745,10,,,0,10,,22757,10,,,0,10,,22769,10,,,0,10,,22779,10,,,0,10,,22791,10,,,0,50,,22679,10,,,0,10,,22689,10,,,0,10,,22701,10,,,0,10,,22711,10,,,0,10,,22724,10,,,0,10,,22736,10,,,0,50,,22746,10,,,0,10,,22758,10,,,0,10,,22770,10,,,0,10,,22780,10,,,0,10,,22792,10,,,0,10,,22680,10,,,0,50,,22690,10,,,0,10,,22702,10,,,0,10,,22712,10,,,0,10,,22725,10,,,0,10,,22737,10,,,0,10,,22747,10,,,0,50,,22759,10,,,0,10,,22771,10,,,0,10,,22781,10,,,0,10,,22793,10,,,0,10,,22681,10,,,0,10,,22691,10,,,0,50,,22703,10,,,0,10,,22714,10,,,0,10,,22726,10,,,0,10,,22738,10,,,0,10,,22748,10,,,0,10,,22760,10,,,0,50,,22772,10,,,0,10,,22782,10,,,0,10,,22794,10,,,0,10,,22682,10,,,0,10,,22692,10,,,0,10,,22704,10,,,0,50,,22713,10,,,0,10,,22727,10,,,0,10,,22739,10,,,0,10,,22749,10,,,0,10,,22761,10,,,0,10,,22773,10,,,0,50,,22783,10,,,0,10,,22795,10,,,0,10,,22683,10,,,0,10,,22693,10,,,0,10,,22705,10,,,0,10,,22715,10,,,0,50,,22728,10,,,0,10,,22740,10,,,0,10,,22750,10,,,0,10,,22762,10,,,0,10,,22774,10,,,0,10,,22785,10,,,0,50,,22796,10,,,0,10,,22684,10,,,0,10,,22694,10,,,0,10,,22706,10,,,0,10,,22716,10,,,0,10,,22729,10,,,0,50,,22741,10,,,0,10,,22751,10,,,0,10,,22763,10,,,0,10,,22775,10,,,0,10,,22784,10,,,0,10,,22797,10,,,0,50,,22685,10,,,0,8,,22695,10,,,0,15,,22717,10,,,0,15,,22730,10,,,0,15,,22752,10,,,0,55,,22764,10,,,0,15,,22786,10,,,0,15,,22798,10,,,0,15,,22696,10,,,0,55,,22718,10,,,0,15,,22731,10,,,0,15,,22753,10,,,0,15,,22765,10,,,0,55,,22787,10,,,0,15,,22799,10,,,0,15,,22697,10,,,0,15,,22719,10,,,0
20200,'Sunday-00',530,,22800,10,,,0,10,,22810,10,,,0,10,,22822,10,,,0,50,,22831,10,,,0,10,,22845,10,,,0,10,,22857,10,,,0,10,,22868,10,,,0,10,,22879,10,,,0,10,,22891,10,,,0,50,,22901,10,,,0,10,,22913,10,,,0,10,,22802,10,,,0,10,,22811,10,,,0,10,,22823,10,,,0,10,,22835,10,,,0,50,,22846,10,,,0,10,,22858,10,,,0,10,,22867,10,,,0,10,,22880,10,,,0,10,,22892,10,,,0,10,,22902,10,,,0,50,,22914,10,,,0,10,,22801,10,,,0,10,,22812,10,,,0,10,,22824,10,,,0,10,,22832,10,,,0,10,,22847,10,,,0,50,,22859,10,,,0,10,,22869,10,,,0,10,,22881,10,,,0,10,,22893,10,,,0,10,,22903,10,,,0,10,,22915,10,,,0,50,,22803,10,,,0,10,,22813,10,,,0,10,,22825,10,,,0,10,,22833,10,,,0,10,,22848,10,,,0,10,,22860,10,,,0,50,,22870,10,,,0,10,,22882,10,,,0,10,,22894,10,,,0,10,,22905,10,,,0,10,,22916,10,,,0,10,,22804,10,,,0,50,,22814,10,,,0,10,,22826,10,,,0,10,,22836,10,,,0,10,,22849,10,,,0,10,,22861,10,,,0,10,,22871,10,,,0,50,,22883,10,,,0,10,,22895,10,,,0,10,,22904,10,,,0,10,,22917,10,,,0,10,,22805,10,,,0,10,,22815,10,,,0,50,,22827,10,,,0,10,,22837,10,,,0,10,,22850,10,,,0,10,,22862,10,,,0,10,,22872,10,,,0,10,,22884,10,,,0,50,,22896,10,,,0,10,,22906,10,,,0,10,,22918,10,,,0,10,,22806,10,,,0,10,,22816,10,,,0,10,,22828,10,,,0,50,,22838,10,,,0,10,,22851,10,,,0,10,,22863,10,,,0,10,,22873,10,,,0,10,,22885,10,,,0,10,,22897,10,,,0,50,,22907,10,,,0,10,,22919,10,,,0,10,,22807,10,,,0,10,,22817,10,,,0,10,,22829,10,,,0,10,,22839,10,,,0,50,,22852,10,,,0,10,,22864,10,,,0,10,,22874,10,,,0,10,,22886,10,,,0,10,,22898,10,,,0,10,,22908,10,,,0,50,,22920,10,,,0,10,,22808,10,,,0,10,,22818,10,,,0,10,,22834,10,,,0,10,,22840,10,,,0,10,,22853,10,,,0,50,,22865,10,,,0,10,,22875,10,,,0,10,,22887,10,,,0,10,,22899,10,,,0,10,,22909,10,,,0,10,,22921,10,,,0,50,,22809,10,,,0,8,,22819,10,,,0,15,,22841,10,,,0,15,,22854,10,,,0,15,,22876,10,,,0,55,,22888,10,,,0,15,,22910,10,,,0,15,,22922,10,,,0,15,,22820,10,,,0,55,,22842,10,,,0,15,,22855,10,,,0,15,,22877,10,,,0,15,,22889,10,,,0,55,,22911,10,,,0,15,,22923,10,,,0,15,,22821,10,,,0,15,,22843,10,,,0
20200,'Weekday-00',450,,22924,10,,,0,52,,22925,10,,,0,9,,22926,10,,,0,11,,22927,10,,,0,10,,22928,10,,,0,10,,22929,10,,,0,10,,22930,10,,,0,49,,22931,10,,,0,9,,22932,10,,,0,10,,22933,10,,,0,5,,22934,10,,,0,5,,22935,10,,,0,5,,22936,10,,,0,5,,22937,10,,,0,5,,22938,10,,,0,5,,22939,10,,,0,5,,22940,10,,,0,45,,22941,10,,,0,5,,22942,10,,,0,5,,22943,10,,,0,5,,22944,10,,,0,5,,22946,10,,,0,5,,22947,10,,,0,5,,22948,10,,,0,5,,22945,10,,,0,5,,22949,10,,,0,5,,22951,10,,,0,5,,22952,10,,,0,5,,22953,10,,,0,45,,22950,10,,,0,5,,22954,10,,,0,5,,22955,10,,,0,5,,22957,10,,,0,5,,22958,10,,,0,5,,22959,10,,,0,5,,22956,10,,,0,5,,22960,10,,,0,5,,22961,10,,,0,5,,22964,10,,,0,5,,22965,10,,,0,5,,22962,10,,,0,46,,22963,10,,,0,5,,22966,10,,,0,5,,22967,10,,,0,5,,22968,10,,,0,5,,22969,10,,,0,5,,23080,10,,,0,5,,22970,10,,,0,5,,23081,10,,,0,5,,22971,10,,,0,5,,23078,10,,,0,5,,22972,10,,,0,50,,22973,10,,,0,10,,22974,10,,,0,10,,22975,10,,,0,10,,22976,10,,,0,6,,22977,10,,,0,10,,22978,10,,,0,10,,22979,10,,,0,50,,22980,10,,,0,10,,22981,10,,,0,10,,22982,10,,,0,10,,22983,10,,,0,10,,22984,10,,,0,10,,22985,10,,,0,50,,22986,10,,,0,10,,22987,10,,,0,10,,22988,10,,,0,10,,22989,10,,,0,10,,22990,10,,,0,10,,22991,10,,,0,50,,22992,10,,,0,10,,22993,10,,,0,10,,22994,10,,,0,10,,22995,10,,,0,10,,22996,10,,,0,10,,22997,10,,,0,50,,22998,10,,,0,10,,22999,10,,,0,12,,23000,10,,,0,8,,23001,10,,,0,13,,23002,10,,,0,50,,23003,10,,,0,10,,23004,10,,,0,5,,23005,10,,,0,5,,23006,10,,,0,5,,23007,10,,,0,5,,23008,10,,,0,5,,23009,10,,,0,5,,23010,10,,,0,4,,23011,10,,,0,6,,23012,10,,,0,5,,23013,10,,,0,45,,23014,10,,,0,5,,23015,10,,,0,5,,23016,10,,,0,5,,23017,10,,,0,5,,23018,10,,,0,5,,23019,10,,,0,5,,23020,10,,,0,5,,23022,10,,,0,5,,23023,10,,,0,5,,23024,10,,,0,5,,23021,10,,,0,5,,23026,10,,,0,45,,23027,10,,,0,5,,23028,10,,,0,5,,23025,10,,,0,5,,23029,10,,,0,5,,23030,10,,,0,5,,23032,10,,,0,5,,23033,10,,,0,5,,23034,10,,,0,5,,23031,10,,,0,5,,23035,10,,,0,5,,23036,10,,,0,5,,23039,10,,,0,45,,23040,10,,,0,4,,23037,10,,,0,5,,23038,10,,,0,5,,23041,10,,,0,5,,23042,10,,,0,5,,23077,10,,,0,5,,23043,10,,,0,4,,23079,10,,,0,4,,23073,10,,,0,3,,23044,10,,,0,4,,23074,10,,,0,5,,23045,10,,,0,5,,23075,10,,,0,5,,23046,10,,,0,45,,23076,10,,,0,5,,23047,10,,,0,10,,23048,10,,,0,10,,23049,10,,,0,10,,23050,10,,,0,10,,23051,10,,,0,10,,23052,10,,,0,50,,23053,10,,,0,10,,23054,10,,,0,10,,23055,10,,,0,10,,23056,10,,,0,10,,23057,10,,,0,10,,23058,10,,,0,49,,23059,10,,,0,12,,23088,10,,,0,14,,23089,10,,,0,8,,23087,10,,,0,8,,23090,10,,,0,54,,23091,10,,,0,15,,23092,10,,,0,15,,23093,10,,,0,15,,23095,10,,,0,55,,23096,10,,,0,15,,23097,10,,,0,15,,23094,10,,,0,15,,23098,10,,,0,55,,23099,10,,,0,15,,23100,10,,,0,15,,23101,10,,,0,15,,23102,10,,,0,55,,23103,10,,,0,15,,23104,10,,,0,15,,23105,10,,,0,20,,23060,10,,,0
20200,'LR3Sep30-Saturday-01',450,,23106,10,,,0,51,,23114,10,,,0,10,,23126,10,,,0,10,,23139,10,,,0,10,,23152,10,,,0,10,,23232,10,,,0,10,,23171,10,,,0,50,,23236,10,,,0,10,,23196,10,,,0,9,,23209,10,,,0,10,,23216,10,,,0,7,,23107,10,,,0,7,,23115,10,,,0,7,,23227,10,,,0,7,,23127,10,,,0,47,,23140,10,,,0,7,,23229,10,,,0,7,,23153,10,,,0,7,,23161,10,,,0,7,,23233,10,,,0,7,,23172,10,,,0,7,,23184,10,,,0,7,,23237,10,,,0,47,,23197,10,,,0,7,,23210,10,,,0,7,,23240,10,,,0,7,,23217,10,,,0,7,,23108,10,,,0,7,,23116,10,,,0,7,,23228,10,,,0,7,,23128,10,,,0,7,,23141,10,,,0,47,,23230,10,,,0,7,,23154,10,,,0,7,,23162,10,,,0,6,,23234,10,,,0,7,,23173,10,,,0,6,,23185,10,,,0,8,,23238,10,,,0,6,,23198,10,,,0,6,,23211,10,,,0,47,,23241,10,,,0,9,,23218,10,,,0,8,,23109,10,,,0,10,,23117,10,,,0,6,,23129,10,,,0,10,,23142,10,,,0,10,,23155,10,,,0,50,,23163,10,,,0,10,,23174,10,,,0,10,,23186,10,,,0,10,,23199,10,,,0,10,,23212,10,,,0,10,,23219,10,,,0,50,,23110,10,,,0,10,,23118,10,,,0,10,,23130,10,,,0,10,,23143,10,,,0,10,,23156,10,,,0,10,,23164,10,,,0,50,,23175,10,,,0,10,,23187,10,,,0,10,,23200,10,,,0,10,,23213,10,,,0,10,,23220,10,,,0,10,,23111,10,,,0,50,,23119,10,,,0,10,,23131,10,,,0,12,,23144,10,,,0,8,,23157,10,,,0,13,,23165,10,,,0,50,,23176,10,,,0,9,,23188,10,,,0,9,,23201,10,,,0,7,,23214,10,,,0,8,,23242,10,,,0,7,,23221,10,,,0,7,,23246,10,,,0,7,,23112,10,,,0,46,,23120,10,,,0,7,,23132,10,,,0,7,,23145,10,,,0,7,,23251,10,,,0,7,,23158,10,,,0,7,,23166,10,,,0,7,,23254,10,,,0,7,,23177,10,,,0,7,,23189,10,,,0,47,,23257,10,,,0,7,,23202,10,,,0,7,,23215,10,,,0,7,,23243,10,,,0,7,,23222,10,,,0,7,,23247,10,,,0,7,,23113,10,,,0,7,,23121,10,,,0,6,,23133,10,,,0,47,,23146,10,,,0,6,,23252,10,,,0,6,,23159,10,,,0,6,,23167,10,,,0,7,,23255,10,,,0,4,,23178,10,,,0,7,,23190,10,,,0,6,,23258,10,,,0,7,,23203,10,,,0,47,,23244,10,,,0,7,,23223,10,,,0,11,,23248,10,,,0,10,,23122,10,,,0,11,,23134,10,,,0,9,,23147,10,,,0,10,,23168,10,,,0,50,,23179,10,,,0,10,,23191,10,,,0,10,,23204,10,,,0,10,,23245,10,,,0,10,,23224,10,,,0,10,,23249,10,,,0,50,,23123,10,,,0,11,,23135,10,,,0,11,,23148,10,,,0,11,,23169,10,,,0,8,,23180,10,,,0,54,,23192,10,,,0,15,,23205,10,,,0,15,,23225,10,,,0,15,,23124,10,,,0,55,,23136,10,,,0,15,,23149,10,,,0,15,,23181,10,,,0,15,,23193,10,,,0,55,,23206,10,,,0,15,,23226,10,,,0,15,,23125,10,,,0,15,,23137,10,,,0,55,,23150,10,,,0,15,,23182,10,,,0,15,,23194,10,,,0,20,,23207,10,,,0
20200,'pT1Oct12-Sunday-01',530,,32252,10,,,0,10,,32262,10,,,0,10,,32274,10,,,0,50,,32283,10,,,0,10,,32297,10,,,0,10,,32309,10,,,0,10,,32320,10,,,0,10,,32331,10,,,0,10,,32343,10,,,0,50,,32353,10,,,0,10,,32365,10,,,0,10,,32254,10,,,0,10,,32263,10,,,0,10,,32275,10,,,0,10,,32285,10,,,0,50,,32298,10,,,0,10,,32310,10,,,0,10,,32319,10,,,0,10,,32332,10,,,0,10,,32344,10,,,0,10,,32354,10,,,0,50,,32366,10,,,0,10,,32253,10,,,0,10,,32264,10,,,0,10,,32276,10,,,0,10,,32284,10,,,0,10,,32299,10,,,0,50,,32311,10,,,0,10,,32321,10,,,0,10,,32333,10,,,0,10,,32345,10,,,0,10,,32355,10,,,0,10,,32367,10,,,0,50,,32255,10,,,0,10,,32265,10,,,0,10,,32277,10,,,0,10,,32286,10,,,0,10,,32301,10,,,0,10,,32312,10,,,0,50,,32322,10,,,0,10,,32334,10,,,0,10,,32346,10,,,0,10,,32357,10,,,0,10,,32368,10,,,0,10,,32256,10,,,0,50,,32266,10,,,0,10,,32279,10,,,0,10,,32288,10,,,0,10,,32300,10,,,0,10,,32313,10,,,0,10,,32323,10,,,0,50,,32336,10,,,0,10,,32347,10,,,0,10,,32356,10,,,0,10,,32369,10,,,0,10,,32257,10,,,0,10,,32267,10,,,0,50,,32278,10,,,0,10,,32289,10,,,0,10,,32302,10,,,0,10,,32314,10,,,0,10,,32324,10,,,0,10,,32335,10,,,0,50,,32348,10,,,0,10,,32358,10,,,0,10,,32370,10,,,0,10,,32258,10,,,0,10,,32268,10,,,0,10,,32280,10,,,0,50,,32290,10,,,0,10,,32303,10,,,0,10,,32315,10,,,0,10,,32325,10,,,0,10,,32337,10,,,0,10,,32349,10,,,0,50,,32359,10,,,0,10,,32371,10,,,0,10,,32259,10,,,0,10,,32269,10,,,0,10,,32281,10,,,0,10,,32291,10,,,0,50,,32304,10,,,0,10,,32316,10,,,0,10,,32326,10,,,0,10,,32338,10,,,0,10,,32350,10,,,0,10,,32360,10,,,0,50,,32372,10,,,0,10,,32260,10,,,0,10,,32270,10,,,0,10,,32287,10,,,0,10,,32292,10,,,0,10,,32305,10,,,0,50,,32317,10,,,0,10,,32328,10,,,0,10,,32339,10,,,0,10,,32351,10,,,0,10,,32361,10,,,0,10,,32373,10,,,0,50,,32261,10,,,0,8,,32271,10,,,0,15,,32293,10,,,0,15,,32306,10,,,0,15,,32327,10,,,0,55,,32340,10,,,0,15,,32363,10,,,0,15,,32374,10,,,0,15,,32272,10,,,0,55,,32294,10,,,0,15,,32307,10,,,0,15,,32329,10,,,0,15,,32341,10,,,0,55,,32362,10,,,0,15,,32375,10,,,0,15,,32273,10,,,0,15,,32295,10,,,0
20200,'pT6Oct03-Saturday-01',530,,30407,10,,,0,10,,30417,10,,,0,10,,30429,10,,,0,50,,30439,10,,,0,10,,30452,10,,,0,10,,30464,10,,,0,10,,30474,10,,,0,10,,30486,10,,,0,10,,30498,10,,,0,50,,30508,10,,,0,10,,30520,10,,,0,10,,30408,10,,,0,10,,30418,10,,,0,10,,30430,10,,,0,10,,30440,10,,,0,50,,30453,10,,,0,10,,30465,10,,,0,10,,30475,10,,,0,10,,30487,10,,,0,10,,30499,10,,,0,10,,30509,10,,,0,50,,30521,10,,,0,10,,30409,10,,,0,10,,30419,10,,,0,10,,30431,10,,,0,10,,30441,10,,,0,10,,30454,10,,,0,50,,30466,10,,,0,10,,30476,10,,,0,10,,30488,10,,,0,10,,30500,10,,,0,10,,30510,10,,,0,10,,30522,10,,,0,50,,30410,10,,,0,10,,30420,10,,,0,10,,30432,10,,,0,10,,30442,10,,,0,10,,30456,10,,,0,10,,30467,10,,,0,50,,30477,10,,,0,10,,30489,10,,,0,10,,30501,10,,,0,10,,30511,10,,,0,10,,30523,10,,,0,10,,30411,10,,,0,50,,30421,10,,,0,10,,30433,10,,,0,10,,30443,10,,,0,10,,30455,10,,,0,10,,30468,10,,,0,10,,30478,10,,,0,50,,30490,10,,,0,10,,30502,10,,,0,10,,30512,10,,,0,10,,30524,10,,,0,10,,30412,10,,,0,10,,30422,10,,,0,50,,30434,10,,,0,10,,30445,10,,,0,10,,30457,10,,,0,10,,30469,10,,,0,10,,30479,10,,,0,10,,30491,10,,,0,50,,30503,10,,,0,10,,30513,10,,,0,10,,30525,10,,,0,10,,30413,10,,,0,10,,30423,10,,,0,10,,30435,10,,,0,50,,30444,10,,,0,10,,30458,10,,,0,10,,30470,10,,,0,10,,30480,10,,,0,10,,30492,10,,,0,10,,30504,10,,,0,50,,30514,10,,,0,10,,30526,10,,,0,10,,30414,10,,,0,10,,30424,10,,,0,10,,30436,10,,,0,10,,30446,10,,,0,50,,30459,10,,,0,10,,30471,10,,,0,10,,30481,10,,,0,10,,30493,10,,,0,10,,30505,10,,,0,10,,30516,10,,,0,50,,30527,10,,,0,10,,30415,10,,,0,10,,30425,10,,,0,10,,30437,10,,,0,10,,30447,10,,,0,10,,30460,10,,,0,50,,30472,10,,,0,10,,30482,10,,,0,10,,30494,10,,,0,10,,30506,10,,,0,10,,30515,10,,,0,10,,30528,10,,,0,50,,30416,10,,,0,8,,30426,10,,,0,15,,30448,10,,,0,15,,30461,10,,,0,15,,30483,10,,,0,55,,30495,10,,,0,15,,30517,10,,,0,15,,30529,10,,,0,15,,30427,10,,,0,55,,30449,10,,,0,15,,30462,10,,,0,15,,30484,10,,,0,15,,30496,10,,,0,55,,30518,10,,,0,15,,30530,10,,,0,15,,30428,10,,,0,15,,30450,10,,,0
20200,'pT6Oct10-Saturday-01',530,,32390,10,,,0,10,,32400,10,,,0,10,,32412,10,,,0,50,,32422,10,,,0,10,,32435,10,,,0,10,,32446,10,,,0,10,,32457,10,,,0,10,,32469,10,,,0,10,,32481,10,,,0,50,,32491,10,,,0,10,,32503,10,,,0,10,,32391,10,,,0,10,,32401,10,,,0,10,,32413,10,,,0,10,,32423,10,,,0,50,,32436,10,,,0,10,,32447,10,,,0,10,,32458,10,,,0,10,,32470,10,,,0,10,,32482,10,,,0,10,,32492,10,,,0,50,,32504,10,,,0,10,,32392,10,,,0,10,,32402,10,,,0,10,,32414,10,,,0,10,,32424,10,,,0,10,,32437,10,,,0,50,,32451,10,,,0,10,,32459,10,,,0,10,,32471,10,,,0,10,,32483,10,,,0,10,,32493,10,,,0,10,,32505,10,,,0,50,,32393,10,,,0,10,,32403,10,,,0,10,,32415,10,,,0,10,,32425,10,,,0,10,,32438,10,,,0,10,,32448,10,,,0,50,,32460,10,,,0,10,,32472,10,,,0,10,,32484,10,,,0,10,,32494,10,,,0,10,,32506,10,,,0,10,,32397,10,,,0,50,,32404,10,,,0,10,,32416,10,,,0,10,,32426,10,,,0,10,,32439,10,,,0,10,,32449,10,,,0,10,,32461,10,,,0,50,,32473,10,,,0,10,,32485,10,,,0,10,,32495,10,,,0,10,,32507,10,,,0,10,,32394,10,,,0,10,,32405,10,,,0,50,,32417,10,,,0,10,,32427,10,,,0,10,,32440,10,,,0,10,,32452,10,,,0,10,,32462,10,,,0,10,,32474,10,,,0,50,,32486,10,,,0,10,,32496,10,,,0,10,,32508,10,,,0,10,,32395,10,,,0,10,,32406,10,,,0,10,,32418,10,,,0,50,,32428,10,,,0,10,,32441,10,,,0,10,,32453,10,,,0,10,,32463,10,,,0,10,,32475,10,,,0,10,,32487,10,,,0,50,,32497,10,,,0,10,,32509,10,,,0,10,,32396,10,,,0,10,,32407,10,,,0,10,,32419,10,,,0,10,,32429,10,,,0,50,,32442,10,,,0,10,,32454,10,,,0,10,,32464,10,,,0,10,,32476,10,,,0,10,,32488,10,,,0,10,,32498,10,,,0,50,,32510,10,,,0,10,,32398,10,,,0,10,,32408,10,,,0,10,,32420,10,,,0,10,,32430,10,,,0,10,,32443,10,,,0,50,,32455,10,,,0,10,,32465,10,,,0,10,,32477,10,,,0,10,,32489,10,,,0,10,,32499,10,,,0,10,,32511,10,,,0,50,,32399,10,,,0,8,,32409,10,,,0,15,,32431,10,,,0,15,,32444,10,,,0,15,,32466,10,,,0,55,,32478,10,,,0,15,,32500,10,,,0,15,,32512,10,,,0,15,,32410,10,,,0,55,,32432,10,,,0,15,,32445,10,,,0,15,,32467,10,,,0,15,,32479,10,,,0,55,,32501,10,,,0,15,,32513,10,,,0,15,,32411,10,,,0,15,,32433,10,,,0
20200,'pT7Oct04-Sunday-01',530,,30531,10,,,0,10,,30541,10,,,0,10,,30553,10,,,0,50,,30562,10,,,0,10,,30576,10,,,0,10,,30588,10,,,0,10,,30599,10,,,0,10,,30610,10,,,0,10,,30622,10,,,0,50,,30632,10,,,0,10,,30644,10,,,0,10,,30533,10,,,0,10,,30542,10,,,0,10,,30554,10,,,0,10,,30566,10,,,0,50,,30577,10,,,0,10,,30589,10,,,0,10,,30598,10,,,0,10,,30611,10,,,0,10,,30623,10,,,0,10,,30633,10,,,0,50,,30645,10,,,0,10,,30532,10,,,0,10,,30543,10,,,0,10,,30555,10,,,0,10,,30563,10,,,0,10,,30578,10,,,0,50,,30590,10,,,0,10,,30600,10,,,0,10,,30612,10,,,0,10,,30624,10,,,0,10,,30634,10,,,0,10,,30646,10,,,0,50,,30534,10,,,0,10,,30544,10,,,0,10,,30556,10,,,0,10,,30564,10,,,0,10,,30580,10,,,0,10,,30591,10,,,0,50,,30601,10,,,0,10,,30613,10,,,0,10,,30625,10,,,0,10,,30636,10,,,0,10,,30647,10,,,0,10,,30535,10,,,0,50,,30545,10,,,0,10,,30558,10,,,0,10,,30567,10,,,0,10,,30579,10,,,0,10,,30592,10,,,0,10,,30602,10,,,0,50,,30615,10,,,0,10,,30626,10,,,0,10,,30635,10,,,0,10,,30648,10,,,0,10,,30536,10,,,0,10,,30546,10,,,0,50,,30557,10,,,0,10,,30568,10,,,0,10,,30581,10,,,0,10,,30593,10,,,0,10,,30603,10,,,0,10,,30614,10,,,0,50,,30627,10,,,0,10,,30637,10,,,0,10,,30650,10,,,0,10,,30537,10,,,0,10,,30547,10,,,0,10,,30559,10,,,0,50,,30569,10,,,0,10,,30582,10,,,0,10,,30594,10,,,0,10,,30604,10,,,0,10,,30616,10,,,0,10,,30628,10,,,0,50,,30638,10,,,0,10,,30649,10,,,0,10,,30538,10,,,0,10,,30548,10,,,0,10,,30560,10,,,0,10,,30570,10,,,0,50,,30583,10,,,0,10,,30595,10,,,0,10,,30605,10,,,0,10,,30617,10,,,0,10,,30629,10,,,0,10,,30639,10,,,0,50,,30651,10,,,0,10,,30539,10,,,0,10,,30549,10,,,0,10,,30565,10,,,0,10,,30571,10,,,0,10,,30584,10,,,0,50,,30596,10,,,0,10,,30606,10,,,0,10,,30618,10,,,0,10,,30630,10,,,0,10,,30640,10,,,0,10,,30652,10,,,0,50,,30540,10,,,0,8,,30550,10,,,0,15,,30572,10,,,0,15,,30585,10,,,0,15,,30607,10,,,0,55,,30619,10,,,0,15,,30641,10,,,0,15,,30653,10,,,0,15,,30551,10,,,0,55,,30573,10,,,0,15,,30586,10,,,0,15,,30608,10,,,0,15,,30620,10,,,0,55,,30642,10,,,0,15,,30654,10,,,0,15,,30552,10,,,0,15,,30574,10,,,0
20200,'pT7Oct11-Sunday-01',524,,32603,10,,,0,15,,32598,10,,,0,15,,32594,10,,,0,55,,32595,10,,,0,15,,32601,10,,,0,15,,32597,10,,,0,15,,32602,10,,,0,55,,32599,10,,,0,15,,32596,10,,,0,15,,32600,10,,,0,15,,32565,10,,,0,55,,32566,10,,,0,15,,32567,10,,,0,15,,32568,10,,,0,15,,32569,10,,,0,55,,32571,10,,,0,15,,32570,10,,,0,15,,32572,10,,,0,15,,32573,10,,,0,55,,32574,10,,,0,15,,32575,10,,,0,15,,32576,10,,,0,15,,32577,10,,,0,55,,32578,10,,,0,15,,32579,10,,,0,15,,32580,10,,,0,15,,32581,10,,,0,55,,32582,10,,,0,15,,32583,10,,,0,15,,32585,10,,,0,15,,32586,10,,,0,55,,32587,10,,,0,15,,32588,10,,,0,15,,32589,10,,,0,15,,32590,10,,,0,55,,32591,10,,,0,15,,32592,10,,,0,15,,32593,10,,,0,15,,32564,10,,,0,55,,32584,10,,,0,15,,32563,10,,,0,15,,32543,10,,,0,15,,32542,10,,,0,55,,32541,10,,,0,15,,32540,10,,,0,15,,32560,10,,,0,15,,32559,10,,,0,55,,32561,10,,,0,15,,32562,10,,,0,15,,32558,10,,,0,15,,32557,10,,,0,55,,32555,10,,,0,15,,32556,10,,,0,15,,32553,10,,,0,15,,32554,10,,,0,55,,32552,10,,,0,15,,32551,10,,,0,15,,32550,10,,,0,15,,32548,10,,,0,55,,32549,10,,,0,15,,32547,10,,,0,15,,32546,10,,,0,15,,32545,10,,,0,55,,32544,10,,,0,15,,32537,10,,,0,15,,32538,10,,,0,15,,32539,10,,,0,55,,32514,10,,,0,15,,32518,10,,,0,15,,32522,10,,,0,15,,32527,10,,,0,55,,32528,10,,,0,15,,32533,10,,,0,15,,32535,10,,,0,15,,32515,10,,,0,55,,32519,10,,,0,15,,32523,10,,,0,15,,32526,10,,,0,15,,32529,10,,,0,55,,32532,10,,,0,15,,32536,10,,,0,15,,32516,10,,,0,15,,32520,10,,,0
