20101,'Saturday-00',525,,21492,13,,,0,10,,21502,13,,,0,10,,21511,13,,,0,10,,21522,13,,,0,50,,21530,13,,,0,10,,21540,13,,,0,10,,21550,13,,,0,10,,21559,13,,,0,10,,21569,13,,,0,10,,21579,13,,,0,50,,21589,13,,,0,10,,21599,13,,,0,10,,21608,13,,,0,10,,21493,13,,,0,10,,21503,13,,,0,10,,21512,13,,,0,50,,21523,13,,,0,10,,21531,13,,,0,10,,21541,13,,,0,10,,21551,13,,,0,10,,21560,13,,,0,10,,21570,13,,,0,50,,21580,13,,,0,10,,21590,13,,,0,10,,21600,13,,,0,10,,21609,13,,,0,10,,21494,13,,,0,10,,21504,13,,,0,50,,21513,13,,,0,10,,21524,13,,,0,10,,21532,13,,,0,10,,21542,13,,,0,10,,21552,13,,,0,10,,21561,13,,,0,50,,21571,13,,,0,10,,21581,13,,,0,10,,21591,13,,,0,10,,21601,13,,,0,10,,21610,13,,,0,10,,21495,13,,,0,50,,21505,13,,,0,10,,21514,13,,,0,10,,21525,13,,,0,10,,21533,13,,,0,10,,21543,13,,,0,10,,21553,13,,,0,50,,21562,13,,,0,10,,21572,13,,,0,10,,21582,13,,,0,10,,21592,13,,,0,10,,21602,13,,,0,10,,21611,13,,,0,50,,21496,13,,,0,10,,21506,13,,,0,10,,21516,13,,,0,10,,21526,13,,,0,10,,21534,13,,,0,10,,21544,13,,,0,50,,21554,13,,,0,10,,21563,13,,,0,10,,21573,13,,,0,10,,21583,13,,,0,10,,21593,13,,,0,10,,21603,13,,,0,50,,21612,13,,,0,10,,21497,13,,,0,10,,21507,13,,,0,10,,21517,13,,,0,10,,21527,13,,,0,10,,21535,13,,,0,50,,21545,13,,,0,10,,21555,13,,,0,10,,21564,13,,,0,10,,21574,13,,,0,10,,21584,13,,,0,10,,21594,13,,,0,50,,21604,13,,,0,10,,21613,13,,,0,10,,21498,13,,,0,10,,21508,13,,,0,10,,21518,13,,,0,10,,21528,13,,,0,50,,21536,13,,,0,10,,21546,13,,,0,10,,21556,13,,,0,10,,21565,13,,,0,10,,21575,13,,,0,10,,21586,13,,,0,50,,21595,13,,,0,10,,21605,13,,,0,10,,21614,13,,,0,10,,21499,13,,,0,10,,21515,13,,,0,10,,21519,13,,,0,50,,21529,13,,,0,10,,21537,13,,,0,10,,21547,13,,,0,10,,21557,13,,,0,10,,21566,13,,,0,10,,21576,13,,,0,50,,21585,13,,,0,15,,21596,13,,,0,15,,21606,13,,,0,7,,21615,13,,,0,8,,21500,13,,,0,55,,21509,13,,,0,15,,21520,13,,,0,15,,21538,13,,,0,15,,21548,13,,,0,55,,21567,13,,,0,15,,21577,13,,,0,15,,21587,13,,,0,15,,21597,13,,,0,55,,21607,13,,,0,15,,21501,13,,,0,15,,21510,13,,,0,15,,21521,13,,,0,55,,21539,13,,,0
20101,'Sunday-00',525,,21616,13,,,0,10,,21626,13,,,0,10,,21636,13,,,0,10,,21646,13,,,0,50,,21654,13,,,0,10,,21664,13,,,0,10,,21674,13,,,0,10,,21683,13,,,0,10,,21693,13,,,0,10,,21703,13,,,0,50,,21713,13,,,0,10,,21723,13,,,0,10,,21732,13,,,0,10,,21617,13,,,0,10,,21627,13,,,0,10,,21637,13,,,0,50,,21647,13,,,0,10,,21656,13,,,0,10,,21665,13,,,0,10,,21675,13,,,0,10,,21684,13,,,0,10,,21694,13,,,0,50,,21704,13,,,0,10,,21714,13,,,0,10,,21724,13,,,0,10,,21733,13,,,0,10,,21618,13,,,0,10,,21628,13,,,0,50,,21638,13,,,0,10,,21648,13,,,0,10,,21655,13,,,0,10,,21666,13,,,0,10,,21676,13,,,0,10,,21685,13,,,0,50,,21695,13,,,0,10,,21706,13,,,0,10,,21715,13,,,0,10,,21725,13,,,0,10,,21734,13,,,0,10,,21619,13,,,0,50,,21629,13,,,0,10,,21639,13,,,0,10,,21649,13,,,0,10,,21657,13,,,0,10,,21667,13,,,0,10,,21677,13,,,0,50,,21686,13,,,0,10,,21696,13,,,0,10,,21705,13,,,0,10,,21716,13,,,0,10,,21726,13,,,0,10,,21735,13,,,0,50,,21620,13,,,0,10,,21630,13,,,0,10,,21640,13,,,0,10,,21650,13,,,0,10,,21658,13,,,0,10,,21668,13,,,0,50,,21678,13,,,0,10,,21687,13,,,0,10,,21697,13,,,0,10,,21707,13,,,0,10,,21717,13,,,0,10,,21727,13,,,0,50,,21736,13,,,0,10,,21621,13,,,0,10,,21631,13,,,0,10,,21641,13,,,0,10,,21651,13,,,0,10,,21659,13,,,0,50,,21669,13,,,0,10,,21679,13,,,0,10,,21688,13,,,0,10,,21698,13,,,0,10,,21708,13,,,0,10,,21718,13,,,0,50,,21728,13,,,0,10,,21737,13,,,0,10,,21623,13,,,0,10,,21632,13,,,0,10,,21642,13,,,0,10,,21652,13,,,0,50,,21660,13,,,0,10,,21670,13,,,0,10,,21680,13,,,0,10,,21689,13,,,0,10,,21699,13,,,0,10,,21709,13,,,0,50,,21719,13,,,0,10,,21729,13,,,0,10,,21738,13,,,0,10,,21622,13,,,0,10,,21633,13,,,0,10,,21643,13,,,0,50,,21653,13,,,0,10,,21661,13,,,0,10,,21671,13,,,0,10,,21681,13,,,0,10,,21691,13,,,0,10,,21700,13,,,0,50,,21710,13,,,0,15,,21720,13,,,0,15,,21730,13,,,0,7,,21739,13,,,0,8,,21624,13,,,0,55,,21634,13,,,0,15,,21644,13,,,0,15,,21662,13,,,0,15,,21672,13,,,0,55,,21690,13,,,0,15,,21701,13,,,0,15,,21711,13,,,0,15,,21721,13,,,0,55,,21731,13,,,0,15,,21625,13,,,0,15,,21635,13,,,0,15,,21645,13,,,0,55,,21663,13,,,0
20101,'Weekday-00',502,,21740,13,,,0,8,,21741,13,,,0,17,,21904,13,,,0,5,,21743,13,,,0,10,,21744,13,,,0,10,,21745,13,,,0,5,,21882,13,,,0,45,,21742,13,,,0,5,,21883,13,,,0,4,,21746,13,,,0,5,,21747,13,,,0,5,,21908,13,,,0,5,,21750,13,,,0,5,,21906,13,,,0,5,,21751,13,,,0,5,,21748,13,,,0,5,,21749,13,,,0,5,,21752,13,,,0,5,,21753,13,,,0,45,,21754,13,,,0,5,,21755,13,,,0,5,,21756,13,,,0,5,,21757,13,,,0,5,,21758,13,,,0,5,,21759,13,,,0,5,,21760,13,,,0,5,,21761,13,,,0,4,,21762,13,,,0,6,,21763,13,,,0,5,,21764,13,,,0,5,,21765,13,,,0,45,,21766,13,,,0,5,,21767,13,,,0,5,,21768,13,,,0,5,,21770,13,,,0,5,,21771,13,,,0,5,,21772,13,,,0,5,,21769,13,,,0,5,,21773,13,,,0,5,,21774,13,,,0,5,,21775,13,,,0,5,,21776,13,,,0,5,,21777,13,,,0,46,,21778,13,,,0,5,,21779,13,,,0,5,,21780,13,,,0,5,,21781,13,,,0,5,,21782,13,,,0,5,,21783,13,,,0,5,,21784,13,,,0,5,,21914,13,,,0,5,,21785,13,,,0,4,,21913,13,,,0,5,,21786,13,,,0,5,,21915,13,,,0,46,,21787,13,,,0,5,,21916,13,,,0,5,,21788,13,,,0,10,,21789,13,,,0,10,,21791,13,,,0,10,,21792,13,,,0,10,,21793,13,,,0,50,,21790,13,,,0,10,,21794,13,,,0,10,,21795,13,,,0,10,,21796,13,,,0,10,,21797,13,,,0,10,,21798,13,,,0,50,,21799,13,,,0,6,,21800,13,,,0,14,,21801,13,,,0,10,,21802,13,,,0,10,,21803,13,,,0,10,,21804,13,,,0,50,,21805,13,,,0,10,,21807,13,,,0,10,,21808,13,,,0,10,,21809,13,,,0,10,,21806,13,,,0,10,,21810,13,,,0,50,,21811,13,,,0,10,,21812,13,,,0,10,,21813,13,,,0,8,,21814,13,,,0,12,,21815,13,,,0,8,,21816,13,,,0,51,,21818,13,,,0,10,,21819,13,,,0,5,,21907,13,,,0,5,,21820,13,,,0,5,,21817,13,,,0,5,,21821,13,,,0,5,,21822,13,,,0,5,,21825,13,,,0,4,,21826,13,,,0,4,,21922,13,,,0,2,,21823,13,,,0,5,,21824,13,,,0,45,,21827,13,,,0,5,,21828,13,,,0,5,,21829,13,,,0,5,,21830,13,,,0,5,,21831,13,,,0,5,,21832,13,,,0,5,,21833,13,,,0,5,,21834,13,,,0,4,,21835,13,,,0,6,,21836,13,,,0,5,,21837,13,,,0,5,,21838,13,,,0,45,,21839,13,,,0,5,,21840,13,,,0,5,,21841,13,,,0,5,,21842,13,,,0,5,,21843,13,,,0,5,,21844,13,,,0,5,,21845,13,,,0,5,,21846,13,,,0,5,,21847,13,,,0,4,,21848,13,,,0,5,,21849,13,,,0,5,,21850,13,,,0,45,,21923,13,,,0,5,,21851,13,,,0,4,,21852,13,,,0,5,,21853,13,,,0,5,,21854,13,,,0,5,,21855,13,,,0,5,,21856,13,,,0,4,,21857,13,,,0,4,,21920,13,,,0,11,,21858,13,,,0,6,,21859,13,,,0,50,,21860,13,,,0,5,,21921,13,,,0,5,,21861,13,,,0,5,,21881,13,,,0,5,,21862,13,,,0,12,,21863,13,,,0,8,,21864,13,,,0,10,,21866,13,,,0,50,,21867,13,,,0,10,,21868,13,,,0,10,,21865,13,,,0,10,,21869,13,,,0,10,,21870,13,,,0,10,,21871,13,,,0,50,,21872,13,,,0,10,,21873,13,,,0,11,,21874,13,,,0,14,,21885,13,,,0,8,,21902,13,,,0,8,,21884,13,,,0,47,,21903,13,,,0,7,,21886,13,,,0,15,,21887,13,,,0,15,,21888,13,,,0,15,,21889,13,,,0,55,,21890,13,,,0,15,,21891,13,,,0,15,,21892,13,,,0,15,,21893,13,,,0,55,,21894,13,,,0,15,,21895,13,,,0,15,,21896,13,,,0,15,,21897,13,,,0,55,,21898,13,,,0,15,,21899,13,,,0,15,,21900,13,,,0,15,,21901,13,,,0,55,,21880,13,,,0
20101,'LR3Sep30-Saturday-01',501,,21939,13,,,0,10,,21947,13,,,0,10,,21967,13,,,0,10,,22074,13,,,0,10,,22077,13,,,0,7,,21986,13,,,0,7,,21994,13,,,0,46,,22005,13,,,0,8,,22014,13,,,0,8,,22080,13,,,0,8,,22024,13,,,0,6,,22033,13,,,0,7,,22043,13,,,0,7,,22082,13,,,0,7,,22053,13,,,0,7,,22063,13,,,0,47,,22072,13,,,0,7,,21940,13,,,0,7,,21948,13,,,0,7,,21958,13,,,0,7,,21968,13,,,0,7,,22075,13,,,0,7,,21976,13,,,0,7,,22078,13,,,0,47,,21987,13,,,0,7,,21995,13,,,0,7,,22006,13,,,0,7,,22015,13,,,0,7,,22081,13,,,0,7,,22025,13,,,0,7,,22034,13,,,0,7,,22044,13,,,0,7,,22083,13,,,0,46,,22054,13,,,0,7,,22064,13,,,0,7,,22073,13,,,0,6,,21941,13,,,0,7,,21949,13,,,0,11,,21959,13,,,0,9,,21969,13,,,0,5,,22076,13,,,0,46,,21977,13,,,0,7,,22079,13,,,0,4,,21988,13,,,0,9,,21996,13,,,0,9,,22007,13,,,0,11,,22016,13,,,0,10,,22026,13,,,0,50,,22035,13,,,0,10,,22045,13,,,0,10,,22055,13,,,0,10,,22065,13,,,0,10,,21942,13,,,0,10,,21950,13,,,0,50,,21960,13,,,0,10,,21970,13,,,0,10,,21978,13,,,0,10,,21989,13,,,0,10,,21997,13,,,0,10,,22008,13,,,0,50,,22017,13,,,0,10,,22027,13,,,0,10,,22036,13,,,0,10,,22046,13,,,0,10,,22056,13,,,0,10,,22066,13,,,0,50,,21943,13,,,0,10,,21951,13,,,0,10,,21961,13,,,0,8,,21971,13,,,0,12,,21979,13,,,0,8,,21990,13,,,0,7,,21998,13,,,0,48,,22009,13,,,0,9,,22084,13,,,0,9,,22018,13,,,0,7,,22028,13,,,0,4,,22086,13,,,0,6,,22037,13,,,0,6,,22047,13,,,0,6,,22089,13,,,0,7,,22057,13,,,0,46,,22067,13,,,0,7,,22091,13,,,0,7,,21944,13,,,0,7,,21952,13,,,0,7,,22093,13,,,0,7,,21962,13,,,0,7,,21972,13,,,0,7,,22095,13,,,0,47,,21980,13,,,0,7,,21991,13,,,0,7,,21999,13,,,0,7,,22010,13,,,0,7,,22085,13,,,0,7,,22019,13,,,0,7,,22029,13,,,0,6,,22087,13,,,0,7,,22038,13,,,0,46,,22048,13,,,0,7,,22090,13,,,0,7,,22058,13,,,0,7,,22068,13,,,0,6,,22092,13,,,0,5,,21945,13,,,0,5,,21953,13,,,0,6,,22094,13,,,0,6,,21963,13,,,0,7,,21973,13,,,0,47,,22096,13,,,0,7,,21981,13,,,0,7,,21992,13,,,0,7,,22000,13,,,0,8,,22011,13,,,0,6,,22020,13,,,0,6,,22030,13,,,0,8,,22088,13,,,0,49,,22039,13,,,0,10,,22049,13,,,0,10,,22059,13,,,0,10,,22069,13,,,0,10,,21946,13,,,0,10,,21954,13,,,0,50,,21964,13,,,0,10,,21974,13,,,0,11,,21982,13,,,0,14,,22001,13,,,0,8,,22012,13,,,0,8,,22021,13,,,0,47,,22031,13,,,0,7,,22040,13,,,0,15,,22050,13,,,0,15,,22060,13,,,0,15,,22070,13,,,0,55,,21955,13,,,0,15,,21965,13,,,0,15,,21983,13,,,0,15,,22002,13,,,0,55,,22022,13,,,0,15,,22041,13,,,0,15,,22051,13,,,0,15,,22061,13,,,0,55,,22071,13,,,0,15,,21956,13,,,0,15,,21966,13,,,0,15,,21984,13,,,0,55,,22003,13,,,0
20101,'pT1Oct12-Sunday-01',530,,31578,13,0,17 8,0,15,,31591,13,0,17 8,0,55,,31604,13,0,17 8,0,15,,31617,13,0,17 8,0,15,,31630,13,0,17 8,0,15,,31643,13,0,17 8,0,55,,31656,13,0,17 8,0,15,,31579,13,0,17 8,0,15,,31592,13,0,17 8,0,15,,31605,13,0,17 8,0,55,,31618,13,0,17 8,0,15,,31631,13,0,17 8,0,15,,31644,13,0,17 8,0,15,,31657,13,0,17 8,0,55,,31580,13,0,17 8,0,15,,31593,13,0,17 8,0,15,,31606,13,0,17 8,0,15,,31619,13,0,17 8,0,55,,31632,13,0,17 8,0,15,,31646,13,0,17 8,0,15,,31658,13,0,17 8,0,15,,31581,13,0,17 8,0,55,,31594,13,0,17 8,0,15,,31607,13,0,17 8,0,15,,31620,13,0,17 8,0,15,,31633,13,0,17 8,0,55,,31645,13,0,17 8,0,15,,31659,13,0,17 8,0,15,,31582,13,0,17 8,0,15,,31595,13,0,17 8,0,55,,31608,13,0,17 8,0,15,,31621,13,0,17 8,0,15,,31634,13,0,17 8,0,15,,31647,13,0,17 8,0,55,,31660,13,0,17 8,0,15,,31583,13,0,17 8,0,15,,31597,13,0,17 8,0,15,,31609,13,0,17 8,0,55,,31622,13,0,17 8,0,15,,31635,13,0,17 8,0,15,,31648,13,0,17 8,0,15,,31661,13,0,17 8,0,55,,31584,13,0,17 8,0,15,,31598,13,0,17 8,0,15,,31610,13,0,17 8,0,15,,31623,13,0,17 8,0,55,,31636,13,0,17 8,0,15,,31649,13,0,17 8,0,15,,31662,13,0,17 8,0,15,,31585,13,0,17 8,0,55,,31599,13,0,17 8,0,15,,31611,13,0,17 8,0,15,,31624,13,0,17 8,0,15,,31637,13,0,17 8,0,55,,31650,13,0,17 8,0,15,,31663,13,0,17 8,0,15,,31586,13,0,17 8,0,15,,31596,13,0,17 8,0,55,,31612,13,0,17 8,0,15,,31625,13,0,17 8,0,15,,31638,13,0,17 8,0,15,,31651,13,0,17 8,0,55,,31664,13,0,17 8,0,15,,31587,13,0,17 8,0,15,,31600,13,0,17 8,0,15,,31613,13,0,17 8,0,55,,31626,13,0,17 8,0,15,,31639,13,0,17 8,0,15,,31652,13,0,17 8,0,15,,31665,13,0,17 8,0,55,,31588,13,0,17 8,0,15,,31601,13,0,17 8,0,15,,31614,13,0,17 8,0,15,,31627,13,0,17 8,0,55,,31640,13,0,17 8,0,15,,31653,13,0,17 8,0,15,,31666,13,0,17 8,0,15,,31589,13,0,17 8,0,55,,31602,13,0,17 8,0,15,,31615,13,0,17 8,0,15,,31628,13,0,17 8,0,15,,31641,13,0,17 8,0,55,,31654,13,0,17 8,0
20101,'pT6Oct03-Saturday-01',449,,30232,7,,,0,55,,30059,7,,,0,15,,30231,7,,,0,15,,30134,7,,,0,15,,30140,7,,,0,55,,30076,7,,,0,15,,30082,7,,,0,15,,30088,7,,,0,15,,30093,7,,,0,55,,30098,7,,,0,15,,30103,7,,,0,15,,30108,7,,,0,15,,30114,7,,,0,55,,30119,7,,,0,15,,30124,7,,,0,15,,30129,7,,,0,15,,30135,7,,,0,55,,30141,7,,,0,15,,30077,7,,,0,15,,30083,7,,,0,15,,30089,7,,,0,55,,30094,7,,,0,15,,30099,7,,,0,15,,30105,7,,,0,15,,30109,7,,,0,55,,30115,7,,,0,15,,30120,7,,,0,15,,30125,7,,,0,15,,30130,7,,,0,55,,30136,7,,,0,15,,30142,7,,,0,15,,30078,7,,,0,15,,30084,7,,,0,55,,30091,7,,,0,15,,30095,7,,,0,15,,30102,7,,,0,15,,30104,7,,,0,55,,30110,7,,,0,15,,30116,7,,,0,15,,30121,7,,,0,15,,30126,7,,,0,55,,30131,7,,,0,15,,30137,7,,,0,15,,30143,7,,,0,15,,30079,7,,,0,55,,30085,7,,,0,15,,30090,7,,,0,15,,30096,7,,,0,15,,30101,7,,,0,55,,30106,7,,,0,15,,30111,7,,,0,15,,30117,7,,,0,15,,30122,7,,,0,55,,30127,7,,,0,15,,30132,7,,,0,15,,30138,7,,,0,15,,30144,7,,,0,55,,30080,7,,,0,15,,30086,7,,,0,15,,30092,7,,,0,15,,30097,7,,,0,55,,30100,7,,,0,15,,30107,7,,,0,15,,30112,7,,,0,15,,30118,7,,,0,55,,30123,7,,,0,15,,30128,7,,,0,15,,30133,7,,,0,15,,30139,7,,,0,55,,30145,7,,,0,15,,30081,7,,,0,15,,30087,7,,,0,15,,30113,7,,,0,55,,30061,7,,,0,15,,30064,7,,,0,15,,30065,7,,,0,15,,30067,7,,,0,55,,30069,7,,,0,15,,30072,7,,,0,15,,30073,7,,,0,15,,30074,7,,,0,55,,30075,7,,,0,15,,30060,7,,,0,15,,30062,7,,,0,15,,30063,7,,,0,55,,30066,7,,,0
20101,'pT6Oct10-Saturday-01',529,,31827,13,0,17 8,0,15,,31815,13,0,17 8,0,15,,31829,13,0,17 8,0,55,,31842,13,0,17 8,0,15,,31855,13,0,17 8,0,15,,31868,13,0,17 8,0,15,,31881,13,0,17 8,0,55,,31803,13,0,17 8,0,15,,31816,13,0,17 8,0,15,,31830,13,0,17 8,0,15,,31843,13,0,17 8,0,55,,31856,13,0,17 8,0,15,,31869,13,0,17 8,0,15,,31882,13,0,17 8,0,15,,31804,13,0,17 8,0,55,,31817,13,0,17 8,0,15,,31831,13,0,17 8,0,15,,31844,13,0,17 8,0,15,,31857,13,0,17 8,0,55,,31870,13,0,17 8,0,15,,31883,13,0,17 8,0,15,,31805,13,0,17 8,0,15,,31818,13,0,17 8,0,55,,31832,13,0,17 8,0,15,,31845,13,0,17 8,0,15,,31858,13,0,17 8,0,15,,31871,13,0,17 8,0,55,,31884,13,0,17 8,0,15,,31806,13,0,17 8,0,15,,31819,13,0,17 8,0,15,,31833,13,0,17 8,0,55,,31846,13,0,17 8,0,15,,31859,13,0,17 8,0,15,,31872,13,0,17 8,0,15,,31885,13,0,17 8,0,55,,31807,13,0,17 8,0,15,,31820,13,0,17 8,0,15,,31834,13,0,17 8,0,15,,31847,13,0,17 8,0,55,,31860,13,0,17 8,0,15,,31873,13,0,17 8,0,15,,31886,13,0,17 8,0,15,,31808,13,0,17 8,0,55,,31821,13,0,17 8,0,15,,31835,13,0,17 8,0,15,,31848,13,0,17 8,0,15,,31862,13,0,17 8,0,55,,31874,13,0,17 8,0,15,,31887,13,0,17 8,0,15,,31809,13,0,17 8,0,15,,31822,13,0,17 8,0,55,,31836,13,0,17 8,0,15,,31849,13,0,17 8,0,15,,31861,13,0,17 8,0,15,,31875,13,0,17 8,0,55,,31888,13,0,17 8,0,15,,31810,13,0,17 8,0,15,,31823,13,0,17 8,0,15,,31837,13,0,17 8,0,55,,31850,13,0,17 8,0,15,,31863,13,0,17 8,0,15,,31876,13,0,17 8,0,15,,31889,13,0,17 8,0,55,,31811,13,0,17 8,0,15,,31824,13,0,17 8,0,15,,31838,13,0,17 8,0,15,,31851,13,0,17 8,0,55,,31864,13,0,17 8,0,15,,31877,13,0,17 8,0,15,,31891,13,0,17 8,0,15,,31812,13,0,17 8,0,55,,31825,13,0,17 8,0,15,,31839,13,0,17 8,0,15,,31852,13,0,17 8,0,15,,31865,13,0,17 8,0,55,,31878,13,0,17 8,0,15,,31890,13,0,17 8,0,15,,31813,13,0,17 8,0,15,,31826,13,0,17 8,0,55,,31840,13,0,17 8,0,15,,31853,13,0,17 8,0,15,,31866,13,0,17 8,0,15,,31879,13,0,17 8,0
20101,'pT7Oct04-Sunday-01',449,,30233,7,,,0,55,,30246,7,,,0,15,,30259,7,,,0,15,,30271,7,,,0,15,,30284,7,,,0,55,,30297,7,,,0,15,,30310,7,,,0,15,,30234,7,,,0,15,,30247,7,,,0,55,,30260,7,,,0,15,,30272,7,,,0,15,,30285,7,,,0,15,,30298,7,,,0,55,,30311,7,,,0,15,,30235,7,,,0,15,,30248,7,,,0,15,,30261,7,,,0,55,,30273,7,,,0,15,,30286,7,,,0,15,,30299,7,,,0,15,,30312,7,,,0,55,,30236,7,,,0,15,,30249,7,,,0,15,,30262,7,,,0,15,,30274,7,,,0,55,,30287,7,,,0,15,,30300,7,,,0,15,,30313,7,,,0,15,,30237,7,,,0,55,,30250,7,,,0,15,,30263,7,,,0,15,,30275,7,,,0,15,,30288,7,,,0,55,,30301,7,,,0,15,,30314,7,,,0,15,,30238,7,,,0,15,,30251,7,,,0,55,,30264,7,,,0,15,,30276,7,,,0,15,,30289,7,,,0,15,,30302,7,,,0,55,,30315,7,,,0,15,,30239,7,,,0,15,,30252,7,,,0,15,,30265,7,,,0,55,,30277,7,,,0,15,,30290,7,,,0,15,,30303,7,,,0,15,,30316,7,,,0,55,,30240,7,,,0,15,,30253,7,,,0,15,,30266,7,,,0,15,,30278,7,,,0,55,,30291,7,,,0,15,,30304,7,,,0,15,,30317,7,,,0,15,,30241,7,,,0,55,,30254,7,,,0,15,,30267,7,,,0,15,,30279,7,,,0,15,,30292,7,,,0,55,,30305,7,,,0,15,,30318,7,,,0,15,,30243,7,,,0,15,,30255,7,,,0,55,,30268,7,,,0,15,,30280,7,,,0,15,,30293,7,,,0,15,,30306,7,,,0,55,,30319,7,,,0,15,,30242,7,,,0,15,,30256,7,,,0,15,,30269,7,,,0,55,,30282,7,,,0,15,,30294,7,,,0,15,,30307,7,,,0,15,,30320,7,,,0,55,,30244,7,,,0,15,,30257,7,,,0,15,,30270,7,,,0,15,,30281,7,,,0,55,,30295,7,,,0,15,,30308,7,,,0,15,,30321,7,,,0,15,,30245,7,,,0,55,,30258,7,,,0
20101,'pT7Oct11-Sunday-01',530,,32163,13,0,17 8,0,15,,32164,13,0,17 8,0,55,,32165,13,0,17 8,0,15,,32166,13,0,17 8,0,15,,32167,13,0,17 8,0,15,,32168,13,0,17 8,0,55,,32169,13,0,17 8,0,15,,32170,13,0,17 8,0,15,,32171,13,0,17 8,0,15,,32172,13,0,17 8,0,55,,32173,13,0,17 8,0,15,,32174,13,0,17 8,0,15,,32175,13,0,17 8,0,15,,32176,13,0,17 8,0,55,,32177,13,0,17 8,0,15,,32178,13,0,17 8,0,15,,32179,13,0,17 8,0,15,,32180,13,0,17 8,0,55,,32181,13,0,17 8,0,15,,32182,13,0,17 8,0,15,,32183,13,0,17 8,0,15,,32184,13,0,17 8,0,55,,32185,13,0,17 8,0,15,,32186,13,0,17 8,0,15,,32187,13,0,17 8,0,15,,32188,13,0,17 8,0,55,,32189,13,0,17 8,0,15,,32190,13,0,17 8,0,15,,32191,13,0,17 8,0,15,,32192,13,0,17 8,0,55,,32193,13,0,17 8,0,15,,32194,13,0,17 8,0,15,,32195,13,0,17 8,0,15,,32196,13,0,17 8,0,55,,32197,13,0,17 8,0,15,,32198,13,0,17 8,0,15,,32199,13,0,17 8,0,15,,32200,13,0,17 8,0,55,,32201,13,0,17 8,0,15,,32202,13,0,17 8,0,15,,32203,13,0,17 8,0,15,,32204,13,0,17 8,0,55,,32205,13,0,17 8,0,15,,32206,13,0,17 8,0,15,,32207,13,0,17 8,0,15,,32208,13,0,17 8,0,55,,32209,13,0,17 8,0,15,,32210,13,0,17 8,0,15,,32211,13,0,17 8,0,15,,32212,13,0,17 8,0,55,,32213,13,0,17 8,0,15,,32214,13,0,17 8,0,15,,32215,13,0,17 8,0,15,,32216,13,0,17 8,0,55,,32217,13,0,17 8,0,15,,32218,13,0,17 8,0,15,,32219,13,0,17 8,0,15,,32220,13,0,17 8,0,55,,32221,13,0,17 8,0,15,,32222,13,0,17 8,0,15,,32223,13,0,17 8,0,15,,32224,13,0,17 8,0,55,,32225,13,0,17 8,0,15,,32226,13,0,17 8,0,15,,32227,13,0,17 8,0,15,,32228,13,0,17 8,0,55,,32229,13,0,17 8,0,15,,32230,13,0,17 8,0,15,,32231,13,0,17 8,0,15,,32232,13,0,17 8,0,55,,32233,13,0,17 8,0,15,,32234,13,0,17 8,0,15,,32235,13,0,17 8,0,15,,32236,13,0,17 8,0,55,,32237,13,0,17 8,0,15,,32238,13,0,17 8,0,15,,32239,13,0,17 8,0,15,,32240,13,0,17 8,0,55,,32241,13,0,17 8,0,15,,32242,13,0,17 8,0,15,,32243,13,0,17 8,0,15,,32244,13,0,17 8,0,55,,32031,13,0,17 8,0
20200,'Saturday-00',532,,22676,11,,,0,10,,22686,11,,,0,10,,22698,11,,,0,50,,22708,11,,,0,10,,22721,11,,,0,10,,22733,11,,,0,10,,22743,11,,,0,10,,22755,11,,,0,10,,22767,11,,,0,50,,22777,11,,,0,10,,22789,11,,,0,10,,22677,11,,,0,10,,22687,11,,,0,10,,22699,11,,,0,10,,22709,11,,,0,50,,22722,11,,,0,10,,22734,11,,,0,10,,22744,11,,,0,10,,22756,11,,,0,10,,22768,11,,,0,10,,22778,11,,,0,50,,22790,11,,,0,10,,22678,11,,,0,10,,22688,11,,,0,10,,22700,11,,,0,10,,22710,11,,,0,10,,22723,11,,,0,50,,22735,11,,,0,10,,22745,11,,,0,10,,22757,11,,,0,10,,22769,11,,,0,10,,22779,11,,,0,10,,22791,11,,,0,50,,22679,11,,,0,10,,22689,11,,,0,10,,22701,11,,,0,10,,22711,11,,,0,10,,22724,11,,,0,10,,22736,11,,,0,50,,22746,11,,,0,10,,22758,11,,,0,10,,22770,11,,,0,10,,22780,11,,,0,10,,22792,11,,,0,10,,22680,11,,,0,50,,22690,11,,,0,10,,22702,11,,,0,10,,22712,11,,,0,10,,22725,11,,,0,10,,22737,11,,,0,10,,22747,11,,,0,50,,22759,11,,,0,10,,22771,11,,,0,10,,22781,11,,,0,10,,22793,11,,,0,10,,22681,11,,,0,10,,22691,11,,,0,50,,22703,11,,,0,10,,22714,11,,,0,10,,22726,11,,,0,10,,22738,11,,,0,10,,22748,11,,,0,10,,22760,11,,,0,50,,22772,11,,,0,10,,22782,11,,,0,10,,22794,11,,,0,10,,22682,11,,,0,10,,22692,11,,,0,10,,22704,11,,,0,50,,22713,11,,,0,10,,22727,11,,,0,10,,22739,11,,,0,10,,22749,11,,,0,10,,22761,11,,,0,10,,22773,11,,,0,50,,22783,11,,,0,10,,22795,11,,,0,10,,22683,11,,,0,10,,22693,11,,,0,10,,22705,11,,,0,10,,22715,11,,,0,50,,22728,11,,,0,10,,22740,11,,,0,10,,22750,11,,,0,10,,22762,11,,,0,10,,22774,11,,,0,10,,22785,11,,,0,50,,22796,11,,,0,10,,22684,11,,,0,10,,22694,11,,,0,10,,22706,11,,,0,10,,22716,11,,,0,10,,22729,11,,,0,50,,22741,11,,,0,10,,22751,11,,,0,10,,22763,11,,,0,10,,22775,11,,,0,10,,22784,11,,,0,10,,22797,11,,,0,50,,22685,11,,,0,8,,22695,11,,,0,15,,22717,11,,,0,15,,22730,11,,,0,15,,22752,11,,,0,55,,22764,11,,,0,15,,22786,11,,,0,15,,22798,11,,,0,15,,22696,11,,,0,55,,22718,11,,,0,15,,22731,11,,,0,15,,22753,11,,,0,15,,22765,11,,,0,55,,22787,11,,,0,15,,22799,11,,,0,15,,22697,11,,,0,15,,22719,11,,,0
20200,'Sunday-00',532,,22800,11,,,0,10,,22810,11,,,0,10,,22822,11,,,0,50,,22831,11,,,0,10,,22845,11,,,0,10,,22857,11,,,0,10,,22868,11,,,0,10,,22879,11,,,0,10,,22891,11,,,0,50,,22901,11,,,0,10,,22913,11,,,0,10,,22802,11,,,0,10,,22811,11,,,0,10,,22823,11,,,0,10,,22835,11,,,0,50,,22846,11,,,0,10,,22858,11,,,0,10,,22867,11,,,0,10,,22880,11,,,0,10,,22892,11,,,0,10,,22902,11,,,0,50,,22914,11,,,0,10,,22801,11,,,0,10,,22812,11,,,0,10,,22824,11,,,0,10,,22832,11,,,0,10,,22847,11,,,0,50,,22859,11,,,0,10,,22869,11,,,0,10,,22881,11,,,0,10,,22893,11,,,0,10,,22903,11,,,0,10,,22915,11,,,0,50,,22803,11,,,0,10,,22813,11,,,0,10,,22825,11,,,0,10,,22833,11,,,0,10,,22848,11,,,0,10,,22860,11,,,0,50,,22870,11,,,0,10,,22882,11,,,0,10,,22894,11,,,0,10,,22905,11,,,0,10,,22916,11,,,0,10,,22804,11,,,0,50,,22814,11,,,0,10,,22826,11,,,0,10,,22836,11,,,0,10,,22849,11,,,0,10,,22861,11,,,0,10,,22871,11,,,0,50,,22883,11,,,0,10,,22895,11,,,0,10,,22904,11,,,0,10,,22917,11,,,0,10,,22805,11,,,0,10,,22815,11,,,0,50,,22827,11,,,0,10,,22837,11,,,0,10,,22850,11,,,0,10,,22862,11,,,0,10,,22872,11,,,0,10,,22884,11,,,0,50,,22896,11,,,0,10,,22906,11,,,0,10,,22918,11,,,0,10,,22806,11,,,0,10,,22816,11,,,0,10,,22828,11,,,0,50,,22838,11,,,0,10,,22851,11,,,0,10,,22863,11,,,0,10,,22873,11,,,0,10,,22885,11,,,0,10,,22897,11,,,0,50,,22907,11,,,0,10,,22919,11,,,0,10,,22807,11,,,0,10,,22817,11,,,0,10,,22829,11,,,0,10,,22839,11,,,0,50,,22852,11,,,0,10,,22864,11,,,0,10,,22874,11,,,0,10,,22886,11,,,0,10,,22898,11,,,0,10,,22908,11,,,0,50,,22920,11,,,0,10,,22808,11,,,0,10,,22818,11,,,0,10,,22834,11,,,0,10,,22840,11,,,0,10,,22853,11,,,0,50,,22865,11,,,0,10,,22875,11,,,0,10,,22887,11,,,0,10,,22899,11,,,0,10,,22909,11,,,0,10,,22921,11,,,0,50,,22809,11,,,0,8,,22819,11,,,0,15,,22841,11,,,0,15,,22854,11,,,0,15,,22876,11,,,0,55,,22888,11,,,0,15,,22910,11,,,0,15,,22922,11,,,0,15,,22820,11,,,0,55,,22842,11,,,0,15,,22855,11,,,0,15,,22877,11,,,0,15,,22889,11,,,0,55,,22911,11,,,0,15,,22923,11,,,0,15,,22821,11,,,0,15,,22843,11,,,0
20200,'Weekday-00',452,,22924,11,,,0,52,,22925,11,,,0,9,,22926,11,,,0,11,,22927,11,,,0,10,,22928,11,,,0,10,,22929,11,,,0,10,,22930,11,,,0,50,,22931,11,,,0,9,,22932,11,,,0,10,,22933,11,,,0,5,,22934,11,,,0,5,,22935,11,,,0,5,,22936,11,,,0,5,,22937,11,,,0,5,,22938,11,,,0,5,,22939,11,,,0,5,,22940,11,,,0,45,,22941,11,,,0,5,,22942,11,,,0,5,,22943,11,,,0,5,,22944,11,,,0,5,,22946,11,,,0,5,,22947,11,,,0,5,,22948,11,,,0,5,,22945,11,,,0,5,,22949,11,,,0,5,,22951,11,,,0,5,,22952,11,,,0,5,,22953,11,,,0,45,,22950,11,,,0,5,,22954,11,,,0,5,,22955,11,,,0,5,,22957,11,,,0,5,,22958,11,,,0,5,,22959,11,,,0,5,,22956,11,,,0,5,,22960,11,,,0,5,,22961,11,,,0,5,,22964,11,,,0,5,,22965,11,,,0,5,,22962,11,,,0,46,,22963,11,,,0,5,,22966,11,,,0,5,,22967,11,,,0,5,,22968,11,,,0,5,,22969,11,,,0,5,,23080,11,,,0,5,,22970,11,,,0,5,,23081,11,,,0,5,,22971,11,,,0,5,,23078,11,,,0,5,,22972,11,,,0,50,,22973,11,,,0,10,,22974,11,,,0,10,,22975,11,,,0,10,,22976,11,,,0,6,,22977,11,,,0,10,,22978,11,,,0,50,,22979,11,,,0,10,,22980,11,,,0,10,,22981,11,,,0,10,,22982,11,,,0,10,,22983,11,,,0,10,,22984,11,,,0,50,,22985,11,,,0,10,,22986,11,,,0,10,,22987,11,,,0,10,,22988,11,,,0,10,,22989,11,,,0,10,,22990,11,,,0,50,,22991,11,,,0,10,,22992,11,,,0,10,,22993,11,,,0,10,,22994,11,,,0,10,,22995,11,,,0,10,,22996,11,,,0,50,,22997,11,,,0,10,,22998,11,,,0,10,,22999,11,,,0,12,,23000,11,,,0,8,,23001,11,,,0,13,,23002,11,,,0,50,,23003,11,,,0,10,,23004,11,,,0,5,,23005,11,,,0,5,,23006,11,,,0,5,,23007,11,,,0,5,,23008,11,,,0,5,,23009,11,,,0,5,,23010,11,,,0,4,,23011,11,,,0,6,,23012,11,,,0,5,,23013,11,,,0,45,,23014,11,,,0,5,,23015,11,,,0,5,,23016,11,,,0,5,,23017,11,,,0,5,,23018,11,,,0,5,,23019,11,,,0,5,,23020,11,,,0,5,,23022,11,,,0,5,,23023,11,,,0,5,,23024,11,,,0,5,,23021,11,,,0,5,,23026,11,,,0,45,,23027,11,,,0,5,,23028,11,,,0,5,,23025,11,,,0,5,,23029,11,,,0,5,,23030,11,,,0,5,,23032,11,,,0,5,,23033,11,,,0,5,,23034,11,,,0,5,,23031,11,,,0,4,,23035,11,,,0,5,,23036,11,,,0,5,,23039,11,,,0,45,,23040,11,,,0,4,,23037,11,,,0,5,,23038,11,,,0,5,,23041,11,,,0,5,,23042,11,,,0,5,,23077,11,,,0,5,,23043,11,,,0,4,,23079,11,,,0,4,,23073,11,,,0,3,,23044,11,,,0,4,,23074,11,,,0,5,,23045,11,,,0,5,,23075,11,,,0,45,,23046,11,,,0,5,,23076,11,,,0,5,,23047,11,,,0,10,,23048,11,,,0,10,,23049,11,,,0,10,,23050,11,,,0,10,,23051,11,,,0,50,,23052,11,,,0,10,,23053,11,,,0,10,,23054,11,,,0,10,,23055,11,,,0,10,,23056,11,,,0,10,,23057,11,,,0,50,,23058,11,,,0,9,,23059,11,,,0,12,,23088,11,,,0,14,,23089,11,,,0,8,,23087,11,,,0,8,,23090,11,,,0,54,,23091,11,,,0,15,,23092,11,,,0,15,,23093,11,,,0,15,,23095,11,,,0,55,,23096,11,,,0,15,,23097,11,,,0,15,,23094,11,,,0,15,,23098,11,,,0,55,,23099,11,,,0,15,,23100,11,,,0,15,,23101,11,,,0,15,,23102,11,,,0,55,,23103,11,,,0,15,,23104,11,,,0,15,,23105,11,,,0,20,,23060,11,,,0
20200,'LR3Sep30-Saturday-01',452,,23106,11,,,0,51,,23114,11,,,0,10,,23126,11,,,0,10,,23139,11,,,0,10,,23152,11,,,0,10,,23232,11,,,0,10,,23171,11,,,0,51,,23236,11,,,0,10,,23196,11,,,0,9,,23209,11,,,0,10,,23216,11,,,0,7,,23107,11,,,0,7,,23115,11,,,0,7,,23227,11,,,0,47,,23127,11,,,0,7,,23140,11,,,0,7,,23229,11,,,0,7,,23153,11,,,0,7,,23161,11,,,0,7,,23233,11,,,0,7,,23172,11,,,0,7,,23184,11,,,0,7,,23237,11,,,0,47,,23197,11,,,0,7,,23210,11,,,0,7,,23240,11,,,0,7,,23217,11,,,0,7,,23108,11,,,0,7,,23116,11,,,0,7,,23228,11,,,0,7,,23128,11,,,0,47,,23141,11,,,0,7,,23230,11,,,0,7,,23154,11,,,0,7,,23162,11,,,0,6,,23234,11,,,0,7,,23173,11,,,0,6,,23185,11,,,0,8,,23238,11,,,0,6,,23198,11,,,0,46,,23211,11,,,0,7,,23241,11,,,0,9,,23218,11,,,0,8,,23109,11,,,0,10,,23117,11,,,0,6,,23129,11,,,0,10,,23142,11,,,0,50,,23155,11,,,0,10,,23163,11,,,0,10,,23174,11,,,0,10,,23186,11,,,0,10,,23199,11,,,0,10,,23212,11,,,0,50,,23219,11,,,0,10,,23110,11,,,0,10,,23118,11,,,0,10,,23130,11,,,0,10,,23143,11,,,0,10,,23156,11,,,0,50,,23164,11,,,0,10,,23175,11,,,0,10,,23187,11,,,0,10,,23200,11,,,0,10,,23213,11,,,0,10,,23220,11,,,0,50,,23111,11,,,0,10,,23119,11,,,0,10,,23131,11,,,0,12,,23144,11,,,0,8,,23157,11,,,0,13,,23165,11,,,0,50,,23176,11,,,0,9,,23188,11,,,0,9,,23201,11,,,0,7,,23214,11,,,0,8,,23242,11,,,0,7,,23221,11,,,0,7,,23246,11,,,0,7,,23112,11,,,0,46,,23120,11,,,0,7,,23132,11,,,0,7,,23145,11,,,0,7,,23251,11,,,0,7,,23158,11,,,0,7,,23166,11,,,0,7,,23254,11,,,0,7,,23177,11,,,0,7,,23189,11,,,0,47,,23257,11,,,0,7,,23202,11,,,0,7,,23215,11,,,0,7,,23243,11,,,0,7,,23222,11,,,0,7,,23247,11,,,0,6,,23113,11,,,0,7,,23121,11,,,0,46,,23133,11,,,0,7,,23146,11,,,0,6,,23252,11,,,0,6,,23159,11,,,0,6,,23167,11,,,0,7,,23255,11,,,0,4,,23178,11,,,0,7,,23190,11,,,0,6,,23258,11,,,0,7,,23203,11,,,0,47,,23244,11,,,0,7,,23223,11,,,0,11,,23248,11,,,0,10,,23122,11,,,0,11,,23134,11,,,0,9,,23147,11,,,0,50,,23168,11,,,0,10,,23179,11,,,0,10,,23191,11,,,0,10,,23204,11,,,0,10,,23245,11,,,0,10,,23224,11,,,0,50,,23249,11,,,0,10,,23123,11,,,0,11,,23135,11,,,0,11,,23148,11,,,0,11,,23169,11,,,0,8,,23180,11,,,0,54,,23192,11,,,0,15,,23205,11,,,0,15,,23225,11,,,0,15,,23124,11,,,0,55,,23136,11,,,0,15,,23149,11,,,0,15,,23181,11,,,0,15,,23193,11,,,0,55,,23206,11,,,0,15,,23226,11,,,0,15,,23125,11,,,0,15,,23137,11,,,0,55,,23150,11,,,0,15,,23182,11,,,0,15,,23194,11,,,0,20,,23207,11,,,0
20200,'pT1Oct12-Sunday-01',532,,32252,11,,,0,10,,32262,11,,,0,10,,32274,11,,,0,50,,32283,11,,,0,10,,32297,11,,,0,10,,32309,11,,,0,10,,32320,11,,,0,10,,32331,11,,,0,10,,32343,11,,,0,50,,32353,11,,,0,10,,32365,11,,,0,10,,32254,11,,,0,10,,32263,11,,,0,10,,32275,11,,,0,10,,32285,11,,,0,50,,32298,11,,,0,10,,32310,11,,,0,10,,32319,11,,,0,10,,32332,11,,,0,10,,32344,11,,,0,10,,32354,11,,,0,50,,32366,11,,,0,10,,32253,11,,,0,10,,32264,11,,,0,10,,32276,11,,,0,10,,32284,11,,,0,10,,32299,11,,,0,50,,32311,11,,,0,10,,32321,11,,,0,10,,32333,11,,,0,10,,32345,11,,,0,10,,32355,11,,,0,10,,32367,11,,,0,50,,32255,11,,,0,10,,32265,11,,,0,10,,32277,11,,,0,10,,32286,11,,,0,10,,32301,11,,,0,10,,32312,11,,,0,50,,32322,11,,,0,10,,32334,11,,,0,10,,32346,11,,,0,10,,32357,11,,,0,10,,32368,11,,,0,10,,32256,11,,,0,50,,32266,11,,,0,10,,32279,11,,,0,10,,32288,11,,,0,10,,32300,11,,,0,10,,32313,11,,,0,10,,32323,11,,,0,50,,32336,11,,,0,10,,32347,11,,,0,10,,32356,11,,,0,10,,32369,11,,,0,10,,32257,11,,,0,10,,32267,11,,,0,50,,32278,11,,,0,10,,32289,11,,,0,10,,32302,11,,,0,10,,32314,11,,,0,10,,32324,11,,,0,10,,32335,11,,,0,50,,32348,11,,,0,10,,32358,11,,,0,10,,32370,11,,,0,10,,32258,11,,,0,10,,32268,11,,,0,10,,32280,11,,,0,50,,32290,11,,,0,10,,32303,11,,,0,10,,32315,11,,,0,10,,32325,11,,,0,10,,32337,11,,,0,10,,32349,11,,,0,50,,32359,11,,,0,10,,32371,11,,,0,10,,32259,11,,,0,10,,32269,11,,,0,10,,32281,11,,,0,10,,32291,11,,,0,50,,32304,11,,,0,10,,32316,11,,,0,10,,32326,11,,,0,10,,32338,11,,,0,10,,32350,11,,,0,10,,32360,11,,,0,50,,32372,11,,,0,10,,32260,11,,,0,10,,32270,11,,,0,10,,32287,11,,,0,10,,32292,11,,,0,10,,32305,11,,,0,50,,32317,11,,,0,10,,32328,11,,,0,10,,32339,11,,,0,10,,32351,11,,,0,10,,32361,11,,,0,10,,32373,11,,,0,50,,32261,11,,,0,8,,32271,11,,,0,15,,32293,11,,,0,15,,32306,11,,,0,15,,32327,11,,,0,55,,32340,11,,,0,15,,32363,11,,,0,15,,32374,11,,,0,15,,32272,11,,,0,55,,32294,11,,,0,15,,32307,11,,,0,15,,32329,11,,,0,15,,32341,11,,,0,55,,32362,11,,,0,15,,32375,11,,,0,15,,32273,11,,,0,15,,32295,11,,,0
20200,'pT6Oct03-Saturday-01',532,,30407,11,,,0,10,,30417,11,,,0,10,,30429,11,,,0,50,,30439,11,,,0,10,,30452,11,,,0,10,,30464,11,,,0,10,,30474,11,,,0,10,,30486,11,,,0,10,,30498,11,,,0,50,,30508,11,,,0,10,,30520,11,,,0,10,,30408,11,,,0,10,,30418,11,,,0,10,,30430,11,,,0,10,,30440,11,,,0,50,,30453,11,,,0,10,,30465,11,,,0,10,,30475,11,,,0,10,,30487,11,,,0,10,,30499,11,,,0,10,,30509,11,,,0,50,,30521,11,,,0,10,,30409,11,,,0,10,,30419,11,,,0,10,,30431,11,,,0,10,,30441,11,,,0,10,,30454,11,,,0,50,,30466,11,,,0,10,,30476,11,,,0,10,,30488,11,,,0,10,,30500,11,,,0,10,,30510,11,,,0,10,,30522,11,,,0,50,,30410,11,,,0,10,,30420,11,,,0,10,,30432,11,,,0,10,,30442,11,,,0,10,,30456,11,,,0,10,,30467,11,,,0,50,,30477,11,,,0,10,,30489,11,,,0,10,,30501,11,,,0,10,,30511,11,,,0,10,,30523,11,,,0,10,,30411,11,,,0,50,,30421,11,,,0,10,,30433,11,,,0,10,,30443,11,,,0,10,,30455,11,,,0,10,,30468,11,,,0,10,,30478,11,,,0,50,,30490,11,,,0,10,,30502,11,,,0,10,,30512,11,,,0,10,,30524,11,,,0,10,,30412,11,,,0,10,,30422,11,,,0,50,,30434,11,,,0,10,,30445,11,,,0,10,,30457,11,,,0,10,,30469,11,,,0,10,,30479,11,,,0,10,,30491,11,,,0,50,,30503,11,,,0,10,,30513,11,,,0,10,,30525,11,,,0,10,,30413,11,,,0,10,,30423,11,,,0,10,,30435,11,,,0,50,,30444,11,,,0,10,,30458,11,,,0,10,,30470,11,,,0,10,,30480,11,,,0,10,,30492,11,,,0,10,,30504,11,,,0,50,,30514,11,,,0,10,,30526,11,,,0,10,,30414,11,,,0,10,,30424,11,,,0,10,,30436,11,,,0,10,,30446,11,,,0,50,,30459,11,,,0,10,,30471,11,,,0,10,,30481,11,,,0,10,,30493,11,,,0,10,,30505,11,,,0,10,,30516,11,,,0,50,,30527,11,,,0,10,,30415,11,,,0,10,,30425,11,,,0,10,,30437,11,,,0,10,,30447,11,,,0,10,,30460,11,,,0,50,,30472,11,,,0,10,,30482,11,,,0,10,,30494,11,,,0,10,,30506,11,,,0,10,,30515,11,,,0,10,,30528,11,,,0,50,,30416,11,,,0,8,,30426,11,,,0,15,,30448,11,,,0,15,,30461,11,,,0,15,,30483,11,,,0,55,,30495,11,,,0,15,,30517,11,,,0,15,,30529,11,,,0,15,,30427,11,,,0,55,,30449,11,,,0,15,,30462,11,,,0,15,,30484,11,,,0,15,,30496,11,,,0,55,,30518,11,,,0,15,,30530,11,,,0,15,,30428,11,,,0,15,,30450,11,,,0
20200,'pT6Oct10-Saturday-01',532,,32390,11,,,0,10,,32400,11,,,0,10,,32412,11,,,0,50,,32422,11,,,0,10,,32435,11,,,0,10,,32446,11,,,0,10,,32457,11,,,0,10,,32469,11,,,0,10,,32481,11,,,0,50,,32491,11,,,0,10,,32503,11,,,0,10,,32391,11,,,0,10,,32401,11,,,0,10,,32413,11,,,0,10,,32423,11,,,0,50,,32436,11,,,0,10,,32447,11,,,0,10,,32458,11,,,0,10,,32470,11,,,0,10,,32482,11,,,0,10,,32492,11,,,0,50,,32504,11,,,0,10,,32392,11,,,0,10,,32402,11,,,0,10,,32414,11,,,0,10,,32424,11,,,0,10,,32437,11,,,0,50,,32451,11,,,0,10,,32459,11,,,0,10,,32471,11,,,0,10,,32483,11,,,0,10,,32493,11,,,0,10,,32505,11,,,0,50,,32393,11,,,0,10,,32403,11,,,0,10,,32415,11,,,0,10,,32425,11,,,0,10,,32438,11,,,0,10,,32448,11,,,0,50,,32460,11,,,0,10,,32472,11,,,0,10,,32484,11,,,0,10,,32494,11,,,0,10,,32506,11,,,0,10,,32397,11,,,0,50,,32404,11,,,0,10,,32416,11,,,0,10,,32426,11,,,0,10,,32439,11,,,0,10,,32449,11,,,0,10,,32461,11,,,0,50,,32473,11,,,0,10,,32485,11,,,0,10,,32495,11,,,0,10,,32507,11,,,0,10,,32394,11,,,0,10,,32405,11,,,0,50,,32417,11,,,0,10,,32427,11,,,0,10,,32440,11,,,0,10,,32452,11,,,0,10,,32462,11,,,0,10,,32474,11,,,0,50,,32486,11,,,0,10,,32496,11,,,0,10,,32508,11,,,0,10,,32395,11,,,0,10,,32406,11,,,0,10,,32418,11,,,0,50,,32428,11,,,0,10,,32441,11,,,0,10,,32453,11,,,0,10,,32463,11,,,0,10,,32475,11,,,0,10,,32487,11,,,0,50,,32497,11,,,0,10,,32509,11,,,0,10,,32396,11,,,0,10,,32407,11,,,0,10,,32419,11,,,0,10,,32429,11,,,0,50,,32442,11,,,0,10,,32454,11,,,0,10,,32464,11,,,0,10,,32476,11,,,0,10,,32488,11,,,0,10,,32498,11,,,0,50,,32510,11,,,0,10,,32398,11,,,0,10,,32408,11,,,0,10,,32420,11,,,0,10,,32430,11,,,0,10,,32443,11,,,0,50,,32455,11,,,0,10,,32465,11,,,0,10,,32477,11,,,0,10,,32489,11,,,0,10,,32499,11,,,0,10,,32511,11,,,0,50,,32399,11,,,0,8,,32409,11,,,0,15,,32431,11,,,0,15,,32444,11,,,0,15,,32466,11,,,0,55,,32478,11,,,0,15,,32500,11,,,0,15,,32512,11,,,0,15,,32410,11,,,0,55,,32432,11,,,0,15,,32445,11,,,0,15,,32467,11,,,0,15,,32479,11,,,0,55,,32501,11,,,0,15,,32513,11,,,0,15,,32411,11,,,0,15,,32433,11,,,0
20200,'pT7Oct04-Sunday-01',532,,30531,11,,,0,10,,30541,11,,,0,10,,30553,11,,,0,50,,30562,11,,,0,10,,30576,11,,,0,10,,30588,11,,,0,10,,30599,11,,,0,10,,30610,11,,,0,10,,30622,11,,,0,50,,30632,11,,,0,10,,30644,11,,,0,10,,30533,11,,,0,10,,30542,11,,,0,10,,30554,11,,,0,10,,30566,11,,,0,50,,30577,11,,,0,10,,30589,11,,,0,10,,30598,11,,,0,10,,30611,11,,,0,10,,30623,11,,,0,10,,30633,11,,,0,50,,30645,11,,,0,10,,30532,11,,,0,10,,30543,11,,,0,10,,30555,11,,,0,10,,30563,11,,,0,10,,30578,11,,,0,50,,30590,11,,,0,10,,30600,11,,,0,10,,30612,11,,,0,10,,30624,11,,,0,10,,30634,11,,,0,10,,30646,11,,,0,50,,30534,11,,,0,10,,30544,11,,,0,10,,30556,11,,,0,10,,30564,11,,,0,10,,30580,11,,,0,10,,30591,11,,,0,50,,30601,11,,,0,10,,30613,11,,,0,10,,30625,11,,,0,10,,30636,11,,,0,10,,30647,11,,,0,10,,30535,11,,,0,50,,30545,11,,,0,10,,30558,11,,,0,10,,30567,11,,,0,10,,30579,11,,,0,10,,30592,11,,,0,10,,30602,11,,,0,50,,30615,11,,,0,10,,30626,11,,,0,10,,30635,11,,,0,10,,30648,11,,,0,10,,30536,11,,,0,10,,30546,11,,,0,50,,30557,11,,,0,10,,30568,11,,,0,10,,30581,11,,,0,10,,30593,11,,,0,10,,30603,11,,,0,10,,30614,11,,,0,50,,30627,11,,,0,10,,30637,11,,,0,10,,30650,11,,,0,10,,30537,11,,,0,10,,30547,11,,,0,10,,30559,11,,,0,50,,30569,11,,,0,10,,30582,11,,,0,10,,30594,11,,,0,10,,30604,11,,,0,10,,30616,11,,,0,10,,30628,11,,,0,50,,30638,11,,,0,10,,30649,11,,,0,10,,30538,11,,,0,10,,30548,11,,,0,10,,30560,11,,,0,10,,30570,11,,,0,50,,30583,11,,,0,10,,30595,11,,,0,10,,30605,11,,,0,10,,30617,11,,,0,10,,30629,11,,,0,10,,30639,11,,,0,50,,30651,11,,,0,10,,30539,11,,,0,10,,30549,11,,,0,10,,30565,11,,,0,10,,30571,11,,,0,10,,30584,11,,,0,50,,30596,11,,,0,10,,30606,11,,,0,10,,30618,11,,,0,10,,30630,11,,,0,10,,30640,11,,,0,10,,30652,11,,,0,50,,30540,11,,,0,8,,30550,11,,,0,15,,30572,11,,,0,15,,30585,11,,,0,15,,30607,11,,,0,55,,30619,11,,,0,15,,30641,11,,,0,15,,30653,11,,,0,15,,30551,11,,,0,55,,30573,11,,,0,15,,30586,11,,,0,15,,30608,11,,,0,15,,30620,11,,,0,55,,30642,11,,,0,15,,30654,11,,,0,15,,30552,11,,,0,15,,30574,11,,,0
20200,'pT7Oct11-Sunday-01',526,,32603,11,,,0,15,,32598,11,,,0,15,,32594,11,,,0,55,,32595,11,,,0,15,,32601,11,,,0,15,,32597,11,,,0,15,,32602,11,,,0,55,,32599,11,,,0,15,,32596,11,,,0,15,,32600,11,,,0,15,,32565,11,,,0,55,,32566,11,,,0,15,,32567,11,,,0,15,,32568,11,,,0,15,,32569,11,,,0,55,,32571,11,,,0,15,,32570,11,,,0,15,,32572,11,,,0,15,,32573,11,,,0,55,,32574,11,,,0,15,,32575,11,,,0,15,,32576,11,,,0,15,,32577,11,,,0,55,,32578,11,,,0,15,,32579,11,,,0,15,,32580,11,,,0,15,,32581,11,,,0,55,,32582,11,,,0,15,,32583,11,,,0,15,,32585,11,,,0,15,,32586,11,,,0,55,,32587,11,,,0,15,,32588,11,,,0,15,,32589,11,,,0,15,,32590,11,,,0,55,,32591,11,,,0,15,,32592,11,,,0,15,,32593,11,,,0,15,,32564,11,,,0,55,,32584,11,,,0,15,,32563,11,,,0,15,,32543,11,,,0,15,,32542,11,,,0,55,,32541,11,,,0,15,,32540,11,,,0,15,,32560,11,,,0,15,,32559,11,,,0,55,,32561,11,,,0,15,,32562,11,,,0,15,,32558,11,,,0,15,,32557,11,,,0,55,,32555,11,,,0,15,,32556,11,,,0,15,,32553,11,,,0,15,,32554,11,,,0,55,,32552,11,,,0,15,,32551,11,,,0,15,,32550,11,,,0,15,,32548,11,,,0,55,,32549,11,,,0,15,,32547,11,,,0,15,,32546,11,,,0,15,,32545,11,,,0,55,,32544,11,,,0,15,,32537,11,,,0,15,,32538,11,,,0,15,,32539,11,,,0,55,,32514,11,,,0,15,,32518,11,,,0,15,,32522,11,,,0,15,,32527,11,,,0,55,,32528,11,,,0,15,,32533,11,,,0,15,,32535,11,,,0,15,,32515,11,,,0,55,,32519,11,,,0,15,,32523,11,,,0,15,,32526,11,,,0,15,,32529,11,,,0,55,,32532,11,,,0,15,,32536,11,,,0,15,,32516,11,,,0,15,,32520,11,,,0
