20100,'Saturday-00',423,,20413,9,,,0,8,,20423,9,,,0,10,,20436,9,,,0,10,,20443,9,,,0,50,,20451,9,,,0,10,,20461,9,,,0,10,,20471,14,,,0,10,,20478,14,,,0,10,,20487,14,,,0,10,,20496,14,,,0,50,,20505,14,,,0,10,,20514,14,,,0,10,,20523,8,,,0,10,,20414,14,,,0,10,,20424,14,,,0,10,,20437,14,,,0,50,,20444,14,,,0,10,,20452,14,,,0,10,,20462,14,,,0,10,,20470,14,,,0,10,,20479,14,,,0,10,,20488,14,,,0,50,,20497,14,,,0,10,,20506,14,,,0,10,,20515,14,,,0,10,,20524,14,,,0,10,,20415,14,,,0,10,,20425,14,,,0,50,,20433,14,,,0,10,,20445,14,,,0,10,,20453,14,,,0,10,,20463,14,,,0,10,,20472,14,,,0,10,,20480,14,,,0,50,,20489,14,,,0,10,,20498,14,,,0,10,,20507,14,,,0,10,,20516,14,,,0,10,,20525,14,,,0,10,,20416,14,,,0,50,,20426,14,,,0,10,,20434,14,,,0,10,,20446,14,,,0,10,,20454,14,,,0,10,,20464,14,,,0,10,,20473,14,,,0,50,,20481,14,,,0,10,,20490,14,,,0,10,,20499,14,,,0,10,,20508,14,,,0,10,,20517,14,,,0,10,,20526,14,,,0,50,,20417,14,,,0,10,,20427,14,,,0,10,,20435,14,,,0,10,,20447,14,,,0,10,,20455,14,,,0,10,,20465,14,,,0,50,,20474,14,,,0,10,,20482,14,,,0,10,,20491,14,,,0,10,,20500,14,,,0,10,,20509,14,,,0,10,,20518,14,,,0,50,,20527,14,,,0,10,,20418,14,,,0,10,,20428,14,,,0,10,,20439,14,,,0,10,,20448,14,,,0,10,,20458,14,,,0,50,,20466,14,,,0,10,,20475,14,,,0,10,,20483,14,,,0,10,,20492,14,,,0,10,,20501,14,,,0,10,,20510,14,,,0,50,,20519,14,,,0,10,,20528,14,,,0,10,,20419,14,,,0,10,,20429,14,,,0,10,,20438,14,,,0,10,,20449,14,,,0,50,,20457,14,,,0,10,,20467,14,,,0,10,,20476,14,,,0,10,,20484,14,,,0,10,,20493,14,,,0,10,,20502,14,,,0,50,,20511,14,,,0,10,,20520,14,,,0,10,,20529,14,,,0,10,,20420,14,,,0,10,,20430,14,,,0,10,,20440,14,,,0,50,,20450,14,,,0,10,,20456,14,,,0,10,,20468,14,,,0,10,,20477,14,,,0,10,,20485,14,,,0,10,,20494,14,,,0,50,,20503,14,,,0,10,,20512,14,,,0,10,,20521,14,,,0,10,,20530,14,,,0,10,,20421,14,,,0,10,,20431,14,,,0,55,,20441,14,,,0,15,,20459,14,,,0,15,,20469,14,,,0,15,,20486,14,,,0,55,,20495,14,,,0,15,,20504,14,,,0,15,,20513,14,,,0,15,,20522,14,,,0,55,,20422,14,,,0,15,,20432,14,,,0,15,,20442,14,,,0,15,,20460,14,,,0
20100,'Sunday-00',423,,20531,9,,,0,8,,20541,9,,,0,10,,20551,9,,,0,10,,20561,9,,,0,50,,20569,9,,,0,10,,20579,9,,,0,10,,20588,14,,,0,10,,20596,14,,,0,10,,20605,14,,,0,10,,20614,14,,,0,50,,20623,14,,,0,10,,20632,14,,,0,10,,20641,8,,,0,10,,20532,14,,,0,10,,20542,14,,,0,10,,20553,14,,,0,50,,20562,14,,,0,10,,20570,14,,,0,10,,20580,14,,,0,10,,20589,14,,,0,10,,20597,14,,,0,10,,20606,14,,,0,50,,20615,14,,,0,10,,20624,14,,,0,10,,20633,14,,,0,10,,20642,14,,,0,10,,20533,14,,,0,10,,20543,14,,,0,50,,20552,14,,,0,10,,20563,14,,,0,10,,20571,14,,,0,10,,20582,14,,,0,10,,20590,14,,,0,10,,20598,14,,,0,50,,20607,14,,,0,10,,20616,14,,,0,10,,20625,14,,,0,10,,20635,14,,,0,10,,20643,14,,,0,10,,20534,14,,,0,50,,20544,14,,,0,10,,20554,14,,,0,10,,20564,14,,,0,10,,20572,14,,,0,10,,20581,14,,,0,10,,20591,14,,,0,50,,20599,14,,,0,10,,20608,14,,,0,10,,20617,14,,,0,10,,20626,14,,,0,10,,20634,14,,,0,10,,20644,14,,,0,50,,20535,14,,,0,10,,20545,14,,,0,10,,20555,14,,,0,10,,20566,14,,,0,10,,20573,14,,,0,10,,20583,14,,,0,50,,20592,14,,,0,10,,20600,14,,,0,10,,20609,14,,,0,10,,20618,14,,,0,10,,20627,14,,,0,10,,20636,14,,,0,50,,20645,14,,,0,10,,20536,14,,,0,10,,20546,14,,,0,10,,20556,14,,,0,10,,20565,14,,,0,10,,20574,14,,,0,50,,20584,14,,,0,10,,20593,14,,,0,10,,20601,14,,,0,10,,20610,14,,,0,10,,20619,14,,,0,10,,20628,14,,,0,50,,20637,14,,,0,10,,20646,14,,,0,10,,20538,14,,,0,10,,20547,14,,,0,10,,20557,14,,,0,10,,20567,14,,,0,50,,20575,14,,,0,10,,20585,14,,,0,10,,20594,14,,,0,10,,20602,14,,,0,10,,20611,14,,,0,10,,20620,14,,,0,50,,20629,14,,,0,10,,20638,14,,,0,10,,20647,14,,,0,10,,20539,14,,,0,10,,20548,14,,,0,10,,20558,14,,,0,50,,20568,14,,,0,10,,20576,14,,,0,10,,20587,14,,,0,10,,20595,14,,,0,10,,20603,14,,,0,10,,20612,14,,,0,50,,20621,14,,,0,10,,20630,14,,,0,10,,20639,14,,,0,10,,20648,14,,,0,10,,20537,14,,,0,10,,20549,14,,,0,55,,20559,14,,,0,15,,20577,14,,,0,15,,20586,14,,,0,15,,20604,14,,,0,55,,20613,14,,,0,15,,20622,14,,,0,15,,20631,14,,,0,15,,20640,14,,,0,55,,20540,14,,,0,15,,20550,14,,,0,15,,20560,14,,,0,15,,20578,14,,,0
20100,'Weekday-00',402,,20811,8,,,0,9,,20812,8,,,0,15,,20815,8,,,0,5,,20649,14,,,0,9,,20650,14,,,0,10,,20651,14,,,0,6,,20814,14,,,0,44,,20652,14,,,0,6,,20808,14,,,0,4,,20653,14,,,0,5,,20654,14,,,0,6,,20813,14,,,0,4,,20655,14,,,0,4,,20809,14,,,0,5,,20788,14,,,0,5,,20656,14,,,0,10,,20657,14,,,0,51,,20658,14,,,0,11,,20659,14,,,0,4,,20789,14,,,0,7,,20660,14,,,0,5,,20810,14,,,0,5,,20661,14,,,0,5,,20662,14,,,0,5,,20663,14,,,0,5,,20664,14,,,0,5,,20665,14,,,0,5,,20666,14,,,0,45,,20667,14,,,0,5,,20668,14,,,0,5,,20669,14,,,0,5,,20670,14,,,0,5,,20671,14,,,0,5,,20672,14,,,0,5,,20673,14,,,0,5,,20674,14,,,0,5,,20675,14,,,0,5,,20676,14,,,0,5,,20677,14,,,0,5,,20678,14,,,0,45,,20679,14,,,0,5,,20680,14,,,0,5,,20681,14,,,0,5,,20682,14,,,0,5,,20683,14,,,0,5,,20684,14,,,0,5,,20685,14,,,0,5,,20686,14,,,0,5,,20687,14,,,0,5,,20688,14,,,0,5,,20689,14,,,0,5,,20690,14,,,0,44,,20691,14,,,0,5,,20692,14,,,0,10,,20693,14,,,0,10,,20694,14,,,0,5,,20695,14,,,0,10,,20696,14,,,0,10,,20697,14,,,0,5,,20790,14,,,0,45,,20698,14,,,0,6,,20791,14,,,0,4,,20699,14,,,0,6,,20792,14,,,0,4,,20700,14,,,0,6,,20793,14,,,0,4,,20701,14,,,0,10,,20702,14,,,0,10,,20703,14,,,0,8,,20704,14,,,0,52,,20705,14,,,0,10,,20706,14,,,0,10,,20707,14,,,0,10,,20708,14,,,0,10,,20709,14,,,0,50,,20710,14,,,0,10,,20711,14,,,0,10,,20712,14,,,0,10,,20713,14,,,0,10,,20714,14,,,0,10,,20715,14,,,0,50,,20716,14,,,0,10,,20717,14,,,0,8,,20718,14,,,0,12,,20719,14,,,0,10,,20720,14,,,0,10,,20721,14,,,0,50,,20722,14,,,0,5,,20819,14,,,0,5,,20723,14,,,0,10,,20724,14,,,0,5,,20816,14,,,0,5,,20725,14,,,0,9,,20726,14,,,0,4,,20818,14,,,0,8,,20727,14,,,0,50,,20728,14,,,0,9,,20729,14,,,0,4,,20794,14,,,0,7,,20730,14,,,0,5,,20731,14,,,0,5,,20732,14,,,0,4,,20733,14,,,0,5,,20734,14,,,0,6,,20735,14,,,0,5,,20736,14,,,0,5,,20737,14,,,0,45,,20738,14,,,0,5,,20739,14,,,0,5,,20740,14,,,0,5,,20741,14,,,0,5,,20742,14,,,0,5,,20743,14,,,0,5,,20744,14,,,0,5,,20745,14,,,0,5,,20746,14,,,0,5,,20747,14,,,0,4,,20748,14,,,0,4,,20817,14,,,0,2,,20749,14,,,0,45,,20750,14,,,0,5,,20751,14,,,0,5,,20752,14,,,0,5,,20753,14,,,0,5,,20754,14,,,0,5,,20755,14,,,0,5,,20756,14,,,0,5,,20757,14,,,0,5,,20759,14,,,0,4,,20760,14,,,0,4,,20761,14,,,0,4,,20758,14,,,0,5,,20762,14,,,0,45,,20763,14,,,0,5,,20764,14,,,0,5,,20765,14,,,0,5,,20766,14,,,0,5,,20767,14,,,0,11,,20768,14,,,0,5,,20769,14,,,0,10,,20770,14,,,0,50,,20771,14,,,0,13,,20772,14,,,0,9,,20773,14,,,0,11,,20774,14,,,0,7,,20775,14,,,0,12,,20776,14,,,0,48,,20778,14,,,0,10,,20780,14,,,0,10,,20777,14,,,0,9,,20781,14,,,0,11,,20779,14,,,0,10,,20782,14,,,0,50,,20783,14,,,0,10,,20784,14,,,0,10,,20785,14,,,0,10,,20786,14,,,0,15,,20796,14,,,0,55,,20797,14,,,0,15,,20798,14,,,0,15,,20799,14,,,0,15,,20802,14,,,0,55,,20803,14,,,0,15,,20800,14,,,0,15,,20801,14,,,0,15,,20804,14,,,0,55,,20805,14,,,0,15,,20806,14,,,0,15,,20807,14,,,0,15,,20795,14,,,0,55,,20787,14,,,0
20100,'LR3Sep30-Saturday-01',358,,20965,8,,,0,55,,20827,9,,,0,7,,20962,8,,,0,11,,20942,14,,,0,9,,20945,14,,,0,8,,20862,14,,,0,7,,20869,14,,,0,47,,20879,14,,,0,7,,20887,14,,,0,7,,20963,8,,,0,6,,20896,14,,,0,7,,20904,14,,,0,6,,20913,14,,,0,7,,20949,14,,,0,6,,20922,14,,,0,6,,20931,14,,,0,48,,20940,14,,,0,7,,20820,14,,,0,7,,20828,14,,,0,8,,20837,14,,,0,6,,20846,14,,,0,7,,20943,14,,,0,7,,20853,14,,,0,7,,20946,14,,,0,7,,20863,14,,,0,47,,20870,14,,,0,7,,20880,14,,,0,7,,20888,14,,,0,7,,20948,14,,,0,7,,20897,14,,,0,7,,20905,14,,,0,7,,20914,14,,,0,7,,20950,14,,,0,47,,20923,14,,,0,7,,20932,14,,,0,7,,20941,14,,,0,7,,20821,14,,,0,7,,20829,14,,,0,7,,20838,14,,,0,7,,20847,14,,,0,7,,20944,14,,,0,7,,20854,14,,,0,47,,20947,14,,,0,7,,20864,14,,,0,7,,20871,14,,,0,6,,20881,14,,,0,8,,20889,14,,,0,9,,20898,14,,,0,10,,20906,14,,,0,50,,20915,14,,,0,10,,20924,14,,,0,10,,20933,14,,,0,10,,20822,14,,,0,10,,20830,14,,,0,10,,20839,14,,,0,8,,20848,14,,,0,52,,20855,14,,,0,10,,20865,14,,,0,10,,20872,14,,,0,10,,20882,14,,,0,10,,20890,14,,,0,50,,20899,14,,,0,10,,20907,14,,,0,10,,20916,14,,,0,10,,20925,14,,,0,10,,20934,14,,,0,10,,20823,14,,,0,50,,20831,14,,,0,10,,20840,14,,,0,8,,20849,14,,,0,12,,20856,14,,,0,10,,20866,14,,,0,10,,20873,14,,,0,50,,20883,14,,,0,5,,20966,8,,,0,9,,20891,14,,,0,6,,20900,14,,,0,5,,20964,8,,,0,10,,20908,14,,,0,6,,20917,14,,,0,4,,20954,14,,,0,6,,20926,14,,,0,7,,20935,14,,,0,46,,20956,14,,,0,7,,20824,14,,,0,7,,20832,14,,,0,7,,20958,14,,,0,7,,20841,14,,,0,7,,20850,14,,,0,7,,20960,14,,,0,7,,20857,14,,,0,47,,20867,14,,,0,7,,20874,14,,,0,7,,20884,14,,,0,7,,20951,14,,,0,7,,20892,14,,,0,7,,20901,14,,,0,7,,20952,14,,,0,7,,20909,14,,,0,7,,20918,14,,,0,47,,20955,14,,,0,7,,20927,14,,,0,7,,20936,14,,,0,7,,20957,14,,,0,7,,20825,14,,,0,7,,20833,14,,,0,7,,20959,14,,,0,6,,20842,14,,,0,6,,20851,14,,,0,47,,20961,14,,,0,7,,20858,14,,,0,7,,20868,14,,,0,7,,20875,14,,,0,7,,20885,14,,,0,7,,20893,14,,,0,7,,20902,14,,,0,7,,20953,14,,,0,47,,20910,14,,,0,7,,20919,14,,,0,11,,20928,14,,,0,10,,20937,14,,,0,11,,20826,14,,,0,10,,20834,14,,,0,50,,20843,14,,,0,10,,20852,14,,,0,10,,20859,14,,,0,10,,20876,14,,,0,10,,20886,14,,,0,10,,20894,14,,,0,50,,20903,14,,,0,10,,20911,14,,,0,10,,20920,14,,,0,10,,20929,14,,,0,15,,20938,14,,,0,55,,20835,14,,,0,15,,20844,14,,,0,15,,20860,14,,,0,15,,20877,14,,,0,55,,20895,14,,,0,15,,20912,14,,,0,15,,20921,14,,,0,15,,20930,14,,,0,55,,20939,14,,,0,15,,20836,14,,,0,15,,20845,14,,,0,15,,20861,14,,,0,55,,20878,14,,,0
20100,'pT1Oct12-Sunday-01',420,,30887,7,,,0,15,,30901,7,,,0,15,,30915,7,,,0,55,,30929,7,,,0,15,,30943,7,,,0,15,,30957,7,,,0,15,,30971,7,,,0,55,,30888,7,,,0,15,,30902,7,,,0,15,,30916,7,,,0,15,,30930,7,,,0,55,,30944,7,,,0,15,,30958,7,,,0,15,,30972,7,,,0,15,,30889,7,,,0,55,,30903,7,,,0,15,,30917,7,,,0,15,,30931,7,,,0,15,,30945,7,,,0,55,,30959,7,,,0,15,,30973,7,,,0,15,,30890,7,,,0,15,,30904,7,,,0,55,,30918,7,,,0,15,,30932,7,,,0,15,,30946,7,,,0,15,,30960,7,,,0,55,,30974,7,,,0,15,,30891,7,,,0,15,,30905,7,,,0,15,,30919,7,,,0,55,,30933,7,,,0,15,,30947,7,,,0,15,,30961,7,,,0,15,,30975,7,,,0,55,,30892,7,,,0,16,,30906,7,,,0,15,,30920,7,,,0,14,,30934,7,,,0,55,,30948,7,,,0,15,,30962,7,,,0,15,,30976,7,,,0,15,,30893,7,,,0,55,,30907,7,,,0,15,,30921,7,,,0,15,,30935,7,,,0,15,,30949,7,,,0,55,,30963,7,,,0,15,,30977,7,,,0,15,,30894,7,,,0,15,,30908,7,,,0,55,,30922,7,,,0,15,,30936,7,,,0,15,,30950,7,,,0,15,,30964,7,,,0,55,,30978,7,,,0,15,,30895,7,,,0,15,,30909,7,,,0,15,,30923,7,,,0,55,,30937,7,,,0,15,,30951,7,,,0,15,,30965,7,,,0,15,,30979,7,,,0,55,,30896,7,,,0,15,,30910,7,,,0,15,,30924,7,,,0,15,,30938,7,,,0,55,,30952,7,,,0,15,,30966,7,,,0,15,,30980,7,,,0,15,,30897,7,,,0,55,,30911,7,,,0,15,,30925,7,,,0,15,,30939,7,,,0,15,,30953,7,,,0,55,,30967,7,,,0,15,,30981,7,,,0,15,,30898,7,,,0,15,,30912,7,,,0,55,,30926,7,,,0,15,,30940,7,,,0,15,,30954,7,,,0,15,,30968,7,,,0
20100,'pT6Oct03-Saturday-01',418,,29887,9,0,6 7 8,0,15,,29886,9,0,6 7 8,0,15,,29721,9,0,6 7 8,0,55,,29724,9,0,6 7 8,0,15,,29726,14,0,6 7 8,0,15,,29769,14,0,6 7 8,0,15,,29770,14,0,6 7 8,0,55,,29771,14,0,6 7 8,0,15,,29772,14,0,6 7 8,0,15,,29773,14,0,6 7 8,0,15,,29774,14,0,6 7 8,0,55,,29775,14,0,6 7 8,0,15,,29776,14,0,6 7 8,0,15,,29777,14,0,6 7 8,0,15,,29778,14,0,6 7 8,0,55,,29779,14,0,6 7 8,0,15,,29780,14,0,6 7 8,0,15,,29781,14,0,6 7 8,0,15,,29782,14,0,6 7 8,0,55,,29783,14,0,6 7 8,0,15,,29784,14,0,6 7 8,0,15,,29785,14,0,6 7 8,0,15,,29786,14,0,6 7 8,0,55,,29787,14,0,6 7 8,0,15,,29788,14,0,6 7 8,0,15,,29789,14,0,6 7 8,0,15,,29790,14,0,6 7 8,0,55,,29791,14,0,6 7 8,0,15,,29792,14,0,6 7 8,0,15,,29793,14,0,6 7 8,0,15,,29794,14,0,6 7 8,0,55,,29795,14,0,6 7 8,0,15,,29796,14,0,6 7 8,0,15,,29797,14,0,6 7 8,0,15,,29766,14,0,6 7 8,0,55,,29768,14,0,6 7 8,0,15,,29733,14,0,6 7 8,0,15,,29742,14,0,6 7 8,0,15,,29767,14,0,6 7 8,0,55,,29763,14,0,6 7 8,0,15,,29750,14,0,6 7 8,0,15,,29748,14,0,6 7 8,0,15,,29760,14,0,6 7 8,0,55,,29753,14,0,6 7 8,0,15,,29745,14,0,6 7 8,0,15,,29740,14,0,6 7 8,0,15,,29757,14,0,6 7 8,0,55,,29732,14,0,6 7 8,0,15,,29737,14,0,6 7 8,0,15,,29735,14,0,6 7 8,0,15,,29734,14,0,6 7 8,0,55,,29736,14,0,6 7 8,0,15,,29764,14,0,6 7 8,0,15,,29765,14,0,6 7 8,0,15,,29762,14,0,6 7 8,0,55,,29761,14,0,6 7 8,0,15,,29755,14,0,6 7 8,0,15,,29754,14,0,6 7 8,0,15,,29758,14,0,6 7 8,0,55,,29759,14,0,6 7 8,0,15,,29752,14,0,6 7 8,0,15,,29751,14,0,6 7 8,0,15,,29746,14,0,6 7 8,0,55,,29749,14,0,6 7 8,0,15,,29747,14,0,6 7 8,0,15,,29744,14,0,6 7 8,0,15,,29743,14,0,6 7 8,0,55,,29739,14,0,6 7 8,0,15,,29741,14,0,6 7 8,0,15,,29738,14,0,6 7 8,0,15,,29756,14,0,6 7 8,0,55,,29719,14,0,6 7 8,0,15,,29722,14,0,6 7 8,0,15,,29725,14,0,6 7 8,0,15,,29727,14,0,6 7 8,0,55,,29728,14,0,6 7 8,0,15,,29729,14,0,6 7 8,0,15,,29730,14,0,6 7 8,0,15,,29731,14,0,6 7 8,0,55,,29717,14,0,6 7 8,0,15,,29718,14,0,6 7 8,0,15,,29720,14,0,6 7 8,0,15,,29723,14,0,6 7 8,0,55,,29883,14,0,6 7 8,0,15,,29884,14,0,6 7 8,0,15,,29885,14,0,6 7 8,0
20100,'pT6Oct10-Saturday-01',419,,31145,7,,,0,15,,31130,7,,,0,15,,31144,7,,,0,55,,31159,7,,,0,15,,31173,7,,,0,15,,31187,7,,,0,15,,31201,7,,,0,55,,31117,7,,,0,15,,31131,7,,,0,15,,31146,7,,,0,15,,31160,7,,,0,55,,31174,7,,,0,15,,31188,7,,,0,15,,31202,7,,,0,15,,31118,7,,,0,55,,31132,7,,,0,15,,31147,7,,,0,15,,31161,7,,,0,15,,31175,7,,,0,55,,31189,7,,,0,15,,31203,7,,,0,15,,31119,7,,,0,15,,31133,7,,,0,55,,31148,7,,,0,15,,31162,7,,,0,15,,31176,7,,,0,15,,31190,7,,,0,55,,31204,7,,,0,15,,31120,7,,,0,15,,31134,7,,,0,15,,31149,7,,,0,55,,31163,7,,,0,15,,31177,7,,,0,15,,31191,7,,,0,15,,31205,7,,,0,55,,31121,7,,,0,16,,31135,7,,,0,15,,31150,7,,,0,14,,31164,7,,,0,55,,31178,7,,,0,15,,31192,7,,,0,15,,31206,7,,,0,15,,31122,7,,,0,55,,31136,7,,,0,15,,31151,7,,,0,15,,31165,7,,,0,15,,31179,7,,,0,55,,31193,7,,,0,15,,31207,7,,,0,15,,31123,7,,,0,15,,31137,7,,,0,55,,31152,7,,,0,15,,31166,7,,,0,15,,31180,7,,,0,15,,31194,7,,,0,55,,31208,7,,,0,15,,31124,7,,,0,15,,31138,7,,,0,15,,31153,7,,,0,55,,31167,7,,,0,15,,31181,7,,,0,15,,31195,7,,,0,15,,31209,7,,,0,55,,31125,7,,,0,15,,31139,7,,,0,15,,31154,7,,,0,15,,31168,7,,,0,55,,31182,7,,,0,15,,31196,7,,,0,15,,31210,7,,,0,15,,31126,7,,,0,55,,31140,7,,,0,15,,31155,7,,,0,15,,31169,7,,,0,15,,31183,7,,,0,55,,31197,7,,,0,15,,31211,7,,,0,15,,31127,7,,,0,15,,31141,7,,,0,55,,31156,7,,,0,15,,31170,7,,,0,15,,31184,7,,,0,15,,31198,7,,,0
20100,'pT7Oct04-Sunday-01',418,,29888,9,0,6 7 8,0,15,,29901,9,0,6 7 8,0,15,,29914,9,0,6 7 8,0,55,,29926,9,0,6 7 8,0,15,,29938,14,0,6 7 8,0,15,,29950,14,0,6 7 8,0,15,,29962,14,0,6 7 8,0,55,,29890,14,0,6 7 8,0,15,,29902,14,0,6 7 8,0,15,,29915,14,0,6 7 8,0,15,,29927,14,0,6 7 8,0,55,,29939,14,0,6 7 8,0,15,,29951,14,0,6 7 8,0,15,,29963,14,0,6 7 8,0,15,,29889,14,0,6 7 8,0,55,,29903,14,0,6 7 8,0,15,,29917,14,0,6 7 8,0,15,,29929,14,0,6 7 8,0,15,,29940,14,0,6 7 8,0,55,,29952,14,0,6 7 8,0,15,,29967,14,0,6 7 8,0,15,,29891,14,0,6 7 8,0,15,,29904,14,0,6 7 8,0,55,,29916,14,0,6 7 8,0,15,,29928,14,0,6 7 8,0,15,,29941,14,0,6 7 8,0,15,,29953,14,0,6 7 8,0,55,,29964,14,0,6 7 8,0,15,,29892,14,0,6 7 8,0,15,,29905,14,0,6 7 8,0,15,,29918,14,0,6 7 8,0,55,,29930,14,0,6 7 8,0,15,,29942,14,0,6 7 8,0,15,,29954,14,0,6 7 8,0,15,,29965,14,0,6 7 8,0,55,,29893,14,0,6 7 8,0,15,,29906,14,0,6 7 8,0,15,,29919,14,0,6 7 8,0,15,,29931,14,0,6 7 8,0,55,,29943,14,0,6 7 8,0,15,,29955,14,0,6 7 8,0,15,,29966,14,0,6 7 8,0,15,,29894,14,0,6 7 8,0,55,,29907,14,0,6 7 8,0,15,,29920,14,0,6 7 8,0,15,,29932,14,0,6 7 8,0,15,,29944,14,0,6 7 8,0,55,,29956,14,0,6 7 8,0,15,,29968,14,0,6 7 8,0,15,,29895,14,0,6 7 8,0,15,,29908,14,0,6 7 8,0,55,,29921,14,0,6 7 8,0,15,,29933,14,0,6 7 8,0,15,,29945,14,0,6 7 8,0,15,,29957,14,0,6 7 8,0,55,,29969,14,0,6 7 8,0,15,,29896,14,0,6 7 8,0,15,,29909,14,0,6 7 8,0,15,,29922,14,0,6 7 8,0,55,,29934,14,0,6 7 8,0,15,,29946,14,0,6 7 8,0,15,,29958,14,0,6 7 8,0,15,,29970,14,0,6 7 8,0,55,,29899,14,0,6 7 8,0,15,,29910,14,0,6 7 8,0,15,,29923,14,0,6 7 8,0,15,,29935,14,0,6 7 8,0,55,,29947,14,0,6 7 8,0,15,,29959,14,0,6 7 8,0,15,,29971,14,0,6 7 8,0,15,,29897,14,0,6 7 8,0,55,,29911,14,0,6 7 8,0,15,,29924,14,0,6 7 8,0,15,,29936,14,0,6 7 8,0,15,,29948,14,0,6 7 8,0,55,,29960,14,0,6 7 8,0,15,,29972,14,0,6 7 8,0,15,,29898,14,0,6 7 8,0,15,,29912,14,0,6 7 8,0,55,,29925,14,0,6 7 8,0,15,,29937,14,0,6 7 8,0,15,,29949,14,0,6 7 8,0,15,,29961,14,0,6 7 8,0,55,,29973,14,0,6 7 8,0,15,,29900,14,0,6 7 8,0,15,,29913,14,0,6 7 8,0
20100,'pT7Oct11-Sunday-01',420,,31354,7,,,0,15,,31351,7,,,0,15,,31484,7,,,0,55,,31485,7,,,0,15,,31483,7,,,0,15,,31486,7,,,0,15,,31487,7,,,0,55,,31488,7,,,0,15,,31489,7,,,0,15,,31490,7,,,0,15,,31491,7,,,0,55,,31492,7,,,0,15,,31493,7,,,0,15,,31494,7,,,0,15,,31495,7,,,0,55,,31496,7,,,0,15,,31497,7,,,0,15,,31498,7,,,0,15,,31499,7,,,0,55,,31500,7,,,0,15,,31501,7,,,0,15,,31502,7,,,0,15,,31503,7,,,0,55,,31504,7,,,0,15,,31505,7,,,0,15,,31506,7,,,0,15,,31507,7,,,0,55,,31508,7,,,0,15,,31509,7,,,0,15,,31510,7,,,0,15,,31511,7,,,0,55,,31512,7,,,0,15,,31513,7,,,0,15,,31514,7,,,0,15,,31515,7,,,0,55,,31516,7,,,0,16,,31517,7,,,0,15,,31518,7,,,0,14,,31519,7,,,0,55,,31525,7,,,0,15,,31526,7,,,0,15,,31527,7,,,0,15,,31520,7,,,0,55,,31521,7,,,0,15,,31522,7,,,0,15,,31523,7,,,0,15,,31524,7,,,0,55,,31528,7,,,0,15,,31529,7,,,0,15,,31530,7,,,0,15,,31531,7,,,0,55,,31532,7,,,0,15,,31533,7,,,0,15,,31534,7,,,0,15,,31535,7,,,0,55,,31536,7,,,0,15,,31537,7,,,0,15,,31538,7,,,0,15,,31539,7,,,0,55,,31540,7,,,0,15,,31541,7,,,0,15,,31542,7,,,0,15,,31543,7,,,0,55,,31544,7,,,0,15,,31545,7,,,0,15,,31546,7,,,0,15,,31547,7,,,0,55,,31548,7,,,0,15,,31549,7,,,0,15,,31550,7,,,0,15,,31551,7,,,0,55,,31552,7,,,0,15,,31553,7,,,0,15,,31554,7,,,0,15,,31555,7,,,0,55,,31556,7,,,0,15,,31557,7,,,0,15,,31558,7,,,0,15,,31559,7,,,0,55,,31560,7,,,0,15,,31561,7,,,0,15,,31562,7,,,0,15,,31355,7,,,0
20201,'Saturday-00',445,,24225,10,,,0,10,,24235,10,,,0,50,,24247,10,,,0,10,,24256,13,,,0,10,,24268,13,,,0,10,,24279,13,,,0,10,,24288,13,,,0,10,,24299,13,,,0,50,,24310,13,,,0,10,,24319,13,,,0,10,,24330,13,,,0,10,,24226,13,,,0,10,,24236,13,,,0,10,,24248,13,,,0,50,,24257,13,,,0,10,,24269,13,,,0,10,,24280,13,,,0,10,,24289,13,,,0,10,,24300,13,,,0,10,,24311,13,,,0,50,,24320,13,,,0,10,,24331,13,,,0,10,,24227,13,,,0,10,,24237,13,,,0,10,,24249,13,,,0,10,,24258,13,,,0,50,,24270,13,,,0,10,,24281,13,,,0,10,,24290,13,,,0,10,,24301,13,,,0,10,,24312,13,,,0,10,,24321,13,,,0,50,,24332,13,,,0,10,,24229,13,,,0,10,,24238,13,,,0,10,,24250,13,,,0,10,,24259,13,,,0,10,,24271,13,,,0,50,,24282,13,,,0,10,,24291,13,,,0,10,,24302,13,,,0,10,,24313,13,,,0,10,,24322,13,,,0,10,,24333,13,,,0,50,,24228,13,,,0,10,,24239,13,,,0,10,,24251,13,,,0,10,,24260,13,,,0,10,,24272,13,,,0,10,,24283,13,,,0,50,,24292,13,,,0,10,,24303,13,,,0,10,,24314,13,,,0,10,,24323,13,,,0,10,,24334,13,,,0,10,,24230,13,,,0,50,,24240,13,,,0,10,,24252,13,,,0,10,,24261,13,,,0,10,,24273,13,,,0,10,,24284,13,,,0,10,,24293,13,,,0,50,,24304,13,,,0,10,,24315,13,,,0,10,,24324,13,,,0,10,,24335,13,,,0,10,,24231,13,,,0,10,,24241,13,,,0,50,,24253,13,,,0,10,,24262,13,,,0,10,,24274,13,,,0,10,,24285,13,,,0,10,,24295,13,,,0,10,,24305,13,,,0,50,,24316,13,,,0,10,,24325,13,,,0,10,,24336,13,,,0,10,,24232,13,,,0,10,,24242,13,,,0,10,,24254,13,,,0,50,,24263,13,,,0,10,,24275,13,,,0,10,,24286,13,,,0,10,,24294,13,,,0,10,,24306,13,,,0,10,,24317,13,,,0,50,,24326,13,,,0,10,,24337,13,,,0,10,,24233,13,,,0,10,,24243,13,,,0,10,,24255,13,,,0,10,,24264,13,,,0,50,,24276,13,,,0,10,,24287,13,,,0,10,,24296,13,,,0,10,,24307,13,,,0,10,,24318,13,,,0,10,,24327,13,,,0,50,,24338,13,,,0,10,,24234,13,,,0,10,,24244,13,,,0,15,,24265,13,,,0,15,,24277,13,,,0,55,,24297,13,,,0,15,,24308,13,,,0,15,,24328,13,,,0,15,,24339,13,,,0,55,,24245,13,,,0,15,,24266,13,,,0,15,,24278,13,,,0,15,,24298,13,,,0,55,,24309,13,,,0,15,,24329,13,,,0,15,,24340,13,,,0,15,,24246,13,,,0,55,,24267,13,,,0
20201,'Sunday-00',445,,24341,10,,,0,10,,24351,10,,,0,50,,24363,10,,,0,10,,24371,13,,,0,10,,24384,13,,,0,10,,24395,13,,,0,10,,24404,13,,,0,10,,24415,13,,,0,50,,24426,13,,,0,10,,24435,13,,,0,10,,24446,13,,,0,10,,24344,13,,,0,10,,24352,13,,,0,10,,24364,13,,,0,50,,24372,13,,,0,10,,24385,13,,,0,10,,24396,13,,,0,10,,24406,13,,,0,10,,24416,13,,,0,10,,24427,13,,,0,50,,24436,13,,,0,10,,24447,13,,,0,10,,24342,13,,,0,10,,24353,13,,,0,10,,24365,13,,,0,10,,24373,13,,,0,50,,24386,13,,,0,10,,24397,13,,,0,10,,24407,13,,,0,10,,24417,13,,,0,10,,24428,13,,,0,10,,24437,13,,,0,50,,24448,13,,,0,10,,24343,13,,,0,10,,24354,13,,,0,10,,24366,13,,,0,10,,24375,13,,,0,10,,24387,13,,,0,50,,24398,13,,,0,10,,24405,13,,,0,10,,24418,13,,,0,10,,24429,13,,,0,10,,24438,13,,,0,10,,24449,13,,,0,50,,24345,13,,,0,10,,24355,13,,,0,10,,24367,13,,,0,10,,24376,13,,,0,10,,24388,13,,,0,10,,24399,13,,,0,50,,24408,13,,,0,10,,24419,13,,,0,10,,24430,13,,,0,10,,24439,13,,,0,10,,24450,13,,,0,10,,24346,13,,,0,50,,24356,13,,,0,10,,24368,13,,,0,10,,24377,13,,,0,10,,24389,13,,,0,10,,24400,13,,,0,10,,24409,13,,,0,50,,24420,13,,,0,10,,24431,13,,,0,10,,24440,13,,,0,10,,24451,13,,,0,10,,24347,13,,,0,10,,24357,13,,,0,50,,24369,13,,,0,10,,24378,13,,,0,10,,24390,13,,,0,10,,24401,13,,,0,10,,24410,13,,,0,10,,24421,13,,,0,50,,24432,13,,,0,10,,24441,13,,,0,10,,24452,13,,,0,10,,24348,13,,,0,10,,24358,13,,,0,10,,24370,13,,,0,50,,24379,13,,,0,10,,24391,13,,,0,10,,24402,13,,,0,10,,24411,13,,,0,10,,24422,13,,,0,10,,24433,13,,,0,50,,24442,13,,,0,10,,24453,13,,,0,10,,24349,13,,,0,10,,24359,13,,,0,10,,24374,13,,,0,10,,24380,13,,,0,50,,24392,13,,,0,10,,24403,13,,,0,10,,24412,13,,,0,10,,24423,13,,,0,10,,24434,13,,,0,10,,24443,13,,,0,50,,24454,13,,,0,10,,24350,13,,,0,10,,24361,13,,,0,15,,24381,13,,,0,15,,24393,13,,,0,55,,24413,13,,,0,15,,24424,13,,,0,15,,24444,13,,,0,15,,24455,13,,,0,55,,24360,13,,,0,15,,24382,13,,,0,15,,24394,13,,,0,15,,24414,13,,,0,55,,24425,13,,,0,15,,24445,13,,,0,15,,24456,13,,,0,15,,24362,13,,,0,55,,24383,13,,,0
20201,'Weekday-00',408,,24594,10,,,0,11,,24595,10,,,0,14,,24593,10,,,0,9,,24457,13,,,0,10,,24458,13,,,0,50,,24459,13,,,0,10,,24460,13,,,0,11,,24461,13,,,0,8,,24462,13,,,0,10,,24464,13,,,0,5,,24597,10,,,0,5,,24465,13,,,0,3,,24596,10,,,0,4,,24598,10,,,0,45,,24466,13,,,0,5,,24600,10,,,0,5,,24463,13,,,0,4,,24599,10,,,0,7,,24467,13,,,0,6,,24601,10,,,0,4,,24469,13,,,0,5,,24470,13,,,0,5,,24471,13,,,0,5,,24468,13,,,0,5,,24472,13,,,0,5,,24473,13,,,0,45,,24475,13,,,0,5,,24476,13,,,0,5,,24477,13,,,0,5,,24474,13,,,0,5,,24478,13,,,0,5,,24479,13,,,0,5,,24480,13,,,0,5,,24481,13,,,0,5,,24482,13,,,0,5,,24483,13,,,0,5,,24484,13,,,0,5,,24485,13,,,0,45,,24486,13,,,0,5,,24487,13,,,0,5,,24488,13,,,0,5,,24489,13,,,0,5,,24490,13,,,0,5,,24491,13,,,0,5,,24492,13,,,0,5,,24493,13,,,0,5,,24494,13,,,0,5,,24495,13,,,0,5,,24496,13,,,0,5,,24497,13,,,0,45,,24498,13,,,0,5,,24499,13,,,0,10,,24500,13,,,0,10,,24501,13,,,0,5,,24502,13,,,0,10,,24503,13,,,0,10,,24504,13,,,0,50,,24505,13,,,0,10,,24506,13,,,0,10,,24507,13,,,0,10,,24508,13,,,0,10,,24509,13,,,0,10,,24510,13,,,0,50,,24511,13,,,0,10,,24512,13,,,0,10,,24513,13,,,0,10,,24514,13,,,0,10,,24515,13,,,0,10,,24516,13,,,0,50,,24517,13,,,0,10,,24518,13,,,0,10,,24519,13,,,0,10,,24520,13,,,0,10,,24521,13,,,0,10,,24522,13,,,0,50,,24523,13,,,0,10,,24524,13,,,0,10,,24525,13,,,0,10,,24526,13,,,0,10,,24527,13,,,0,10,,24528,13,,,0,50,,24529,13,,,0,10,,24530,13,,,0,10,,24531,13,,,0,10,,24532,13,,,0,3,,24602,10,,,0,6,,24533,13,,,0,4,,24603,10,,,0,7,,24534,13,,,0,3,,24604,10,,,0,47,,24535,13,,,0,5,,24605,10,,,0,4,,24536,13,,,0,4,,24606,10,,,0,7,,24537,13,,,0,5,,24538,13,,,0,5,,24540,13,,,0,5,,24541,13,,,0,5,,24542,13,,,0,5,,24539,13,,,0,5,,24543,13,,,0,5,,24545,13,,,0,45,,24546,13,,,0,5,,24547,13,,,0,5,,24544,13,,,0,5,,24548,13,,,0,5,,24549,13,,,0,5,,24551,13,,,0,5,,24552,13,,,0,5,,24553,13,,,0,5,,24550,13,,,0,5,,24554,13,,,0,4,,24555,13,,,0,6,,24558,13,,,0,45,,24559,13,,,0,5,,24556,13,,,0,5,,24557,13,,,0,5,,24560,13,,,0,5,,24561,13,,,0,5,,24562,13,,,0,5,,24563,13,,,0,5,,24564,13,,,0,5,,24565,13,,,0,4,,24566,13,,,0,4,,24567,13,,,0,5,,24568,13,,,0,45,,24569,13,,,0,4,,24570,13,,,0,5,,24571,13,,,0,5,,24572,13,,,0,5,,24573,13,,,0,5,,24574,13,,,0,6,,24575,13,,,0,10,,24576,13,,,0,10,,24577,13,,,0,50,,24578,13,,,0,9,,24579,13,,,0,9,,24580,13,,,0,11,,24581,13,,,0,11,,24582,13,,,0,8,,24583,13,,,0,52,,24584,13,,,0,10,,24585,13,,,0,10,,24586,13,,,0,9,,24587,13,,,0,11,,24588,13,,,0,10,,24589,13,,,0,50,,24590,13,,,0,10,,24591,13,,,0,10,,24592,13,,,0,13,,24608,13,,,0,15,,24609,13,,,0,55,,24610,13,,,0,15,,24611,13,,,0,15,,24612,13,,,0,15,,24613,13,,,0,55,,24614,13,,,0,15,,24616,13,,,0,15,,24618,13,,,0,15,,24619,13,,,0,55,,24615,13,,,0,15,,24620,13,,,0,15,,24617,13,,,0,15,,24621,13,,,0,60,,24607,13,,,0
20201,'LR3Sep30-Saturday-01',411,,24622,10,,,0,12,,24630,10,,,0,10,,24642,10,,,0,9,,24654,13,,,0,10,,24666,13,,,0,52,,24740,13,,,0,8,,24683,13,,,0,12,,24743,13,,,0,8,,24706,13,,,0,6,,24718,13,,,0,6,,24725,10,,,0,7,,24623,13,,,0,8,,24631,13,,,0,48,,24736,10,,,0,7,,24643,13,,,0,8,,24655,13,,,0,6,,24738,10,,,0,7,,24667,13,,,0,7,,24674,13,,,0,7,,24741,13,,,0,7,,24684,13,,,0,47,,24695,13,,,0,7,,24744,13,,,0,7,,24707,13,,,0,7,,24719,13,,,0,7,,24746,13,,,0,7,,24726,13,,,0,7,,24624,13,,,0,7,,24632,13,,,0,7,,24737,13,,,0,47,,24644,13,,,0,7,,24656,13,,,0,7,,24739,13,,,0,7,,24668,13,,,0,7,,24675,13,,,0,7,,24742,13,,,0,7,,24685,13,,,0,7,,24696,13,,,0,47,,24745,13,,,0,7,,24708,13,,,0,7,,24720,13,,,0,6,,24747,13,,,0,8,,24727,13,,,0,5,,24625,13,,,0,9,,24633,13,,,0,10,,24645,13,,,0,50,,24657,13,,,0,10,,24669,13,,,0,10,,24676,13,,,0,10,,24686,13,,,0,10,,24697,13,,,0,10,,24709,13,,,0,50,,24721,13,,,0,11,,24728,13,,,0,9,,24626,13,,,0,10,,24634,13,,,0,10,,24646,13,,,0,10,,24658,13,,,0,50,,24670,13,,,0,10,,24677,13,,,0,10,,24687,13,,,0,10,,24698,13,,,0,10,,24710,13,,,0,10,,24722,13,,,0,50,,24729,13,,,0,10,,24627,13,,,0,10,,24635,13,,,0,10,,24647,13,,,0,10,,24659,13,,,0,10,,24671,13,,,0,50,,24678,13,,,0,10,,24688,13,,,0,10,,24699,13,,,0,10,,24711,13,,,0,6,,24723,13,,,0,9,,24748,10,,,0,6,,24730,13,,,0,47,,24752,10,,,0,7,,24628,13,,,0,7,,24636,13,,,0,8,,24648,13,,,0,7,,24660,13,,,0,7,,24756,13,,,0,7,,24672,13,,,0,7,,24679,13,,,0,7,,24758,13,,,0,47,,24689,13,,,0,7,,24700,13,,,0,7,,24760,13,,,0,7,,24712,13,,,0,7,,24724,13,,,0,7,,24749,13,,,0,7,,24731,13,,,0,7,,24753,13,,,0,47,,24629,13,,,0,7,,24637,13,,,0,7,,24649,13,,,0,7,,24661,13,,,0,7,,24757,13,,,0,7,,24673,13,,,0,7,,24680,13,,,0,6,,24759,13,,,0,6,,24690,13,,,0,47,,24701,13,,,0,7,,24761,13,,,0,7,,24713,13,,,0,7,,24750,13,,,0,7,,24732,13,,,0,11,,24754,13,,,0,10,,24638,13,,,0,51,,24650,13,,,0,9,,24662,13,,,0,10,,24681,13,,,0,10,,24691,13,,,0,10,,24702,13,,,0,10,,24714,13,,,0,50,,24751,13,,,0,10,,24733,13,,,0,10,,24755,13,,,0,10,,24639,13,,,0,10,,24651,13,,,0,10,,24663,13,,,0,50,,24682,13,,,0,10,,24692,13,,,0,10,,24703,13,,,0,15,,24715,13,,,0,15,,24734,13,,,0,55,,24640,13,,,0,15,,24652,13,,,0,15,,24664,13,,,0,15,,24693,13,,,0,55,,24704,13,,,0,15,,24716,13,,,0,15,,24735,13,,,0,15,,24641,13,,,0,55,,24653,13,,,0,15,,24665,13,,,0,15,,24694,13,,,0,15,,24705,13,,,0,60,,24717,13,,,0
20201,'pT1Oct12-Sunday-01',445,,32612,10,,,0,10,,32621,10,,,0,50,,32633,10,,,0,10,,32641,13,,,0,10,,32654,13,,,0,10,,32665,13,,,0,10,,32674,13,,,0,10,,32685,13,,,0,50,,32696,13,,,0,10,,32705,13,,,0,10,,32716,13,,,0,10,,32614,13,,,0,10,,32622,13,,,0,10,,32634,13,,,0,50,,32642,13,,,0,10,,32655,13,,,0,10,,32666,13,,,0,10,,32676,13,,,0,10,,32686,13,,,0,10,,32697,13,,,0,50,,32706,13,,,0,10,,32717,13,,,0,10,,32613,13,,,0,10,,32623,13,,,0,10,,32635,13,,,0,10,,32643,13,,,0,50,,32656,13,,,0,10,,32667,13,,,0,10,,32677,13,,,0,10,,32687,13,,,0,10,,32698,13,,,0,10,,32707,13,,,0,50,,32718,13,,,0,10,,32611,13,,,0,10,,32624,13,,,0,10,,32636,13,,,0,10,,32645,13,,,0,10,,32657,13,,,0,50,,32668,13,,,0,10,,32675,13,,,0,10,,32688,13,,,0,10,,32699,13,,,0,10,,32708,13,,,0,10,,32719,13,,,0,50,,32616,13,,,0,10,,32625,13,,,0,10,,32637,13,,,0,10,,32646,13,,,0,10,,32658,13,,,0,10,,32669,13,,,0,50,,32678,13,,,0,10,,32689,13,,,0,10,,32700,13,,,0,10,,32709,13,,,0,10,,32720,13,,,0,10,,32615,13,,,0,50,,32626,13,,,0,10,,32638,13,,,0,10,,32647,13,,,0,10,,32659,13,,,0,10,,32670,13,,,0,10,,32679,13,,,0,50,,32690,13,,,0,10,,32701,13,,,0,10,,32710,13,,,0,10,,32721,13,,,0,10,,32617,13,,,0,10,,32627,13,,,0,50,,32639,13,,,0,10,,32648,13,,,0,10,,32660,13,,,0,10,,32671,13,,,0,10,,32680,13,,,0,10,,32691,13,,,0,50,,32702,13,,,0,10,,32711,13,,,0,10,,32722,13,,,0,10,,32618,13,,,0,10,,32628,13,,,0,10,,32640,13,,,0,50,,32649,13,,,0,10,,32661,13,,,0,10,,32672,13,,,0,10,,32681,13,,,0,10,,32692,13,,,0,10,,32703,13,,,0,50,,32712,13,,,0,10,,32723,13,,,0,10,,32619,13,,,0,10,,32629,13,,,0,10,,32644,13,,,0,10,,32650,13,,,0,50,,32662,13,,,0,10,,32673,13,,,0,10,,32682,13,,,0,10,,32693,13,,,0,10,,32704,13,,,0,10,,32713,13,,,0,50,,32724,13,,,0,10,,32620,13,,,0,10,,32631,13,,,0,15,,32651,13,,,0,15,,32663,13,,,0,55,,32683,13,,,0,15,,32694,13,,,0,15,,32714,13,,,0,15,,32725,13,,,0,55,,32630,13,,,0,15,,32652,13,,,0,15,,32664,13,,,0,15,,32684,13,,,0,55,,32695,13,,,0,15,,32715,13,,,0,15,,32726,13,,,0,15,,32632,13,,,0,55,,32653,13,,,0
20201,'pT6Oct03-Saturday-01',445,,30656,10,,,0,10,,30665,10,,,0,50,,30677,10,,,0,10,,30687,13,,,0,10,,30698,13,,,0,10,,30709,13,,,0,10,,30718,13,,,0,10,,30729,13,,,0,50,,30740,13,,,0,10,,30749,13,,,0,10,,30760,13,,,0,10,,30655,13,,,0,10,,30667,13,,,0,10,,30678,13,,,0,50,,30686,13,,,0,10,,30699,13,,,0,10,,30710,13,,,0,10,,30719,13,,,0,10,,30730,13,,,0,10,,30741,13,,,0,50,,30750,13,,,0,10,,30761,13,,,0,10,,30657,13,,,0,10,,30666,13,,,0,10,,30679,13,,,0,10,,30688,13,,,0,50,,30700,13,,,0,10,,30711,13,,,0,10,,30720,13,,,0,10,,30731,13,,,0,10,,30742,13,,,0,10,,30751,13,,,0,50,,30762,13,,,0,10,,30659,13,,,0,10,,30668,13,,,0,10,,30680,13,,,0,10,,30689,13,,,0,10,,30701,13,,,0,50,,30712,13,,,0,10,,30722,13,,,0,10,,30732,13,,,0,10,,30743,13,,,0,10,,30752,13,,,0,10,,30763,13,,,0,50,,30658,13,,,0,10,,30669,13,,,0,10,,30681,13,,,0,10,,30690,13,,,0,10,,30702,13,,,0,10,,30713,13,,,0,50,,30721,13,,,0,10,,30733,13,,,0,10,,30744,13,,,0,10,,30754,13,,,0,10,,30764,13,,,0,10,,30660,13,,,0,50,,30670,13,,,0,10,,30682,13,,,0,10,,30691,13,,,0,10,,30703,13,,,0,10,,30714,13,,,0,10,,30723,13,,,0,50,,30734,13,,,0,10,,30745,13,,,0,10,,30753,13,,,0,10,,30765,13,,,0,10,,30661,13,,,0,10,,30671,13,,,0,50,,30683,13,,,0,10,,30692,13,,,0,10,,30704,13,,,0,10,,30715,13,,,0,10,,30725,13,,,0,10,,30735,13,,,0,50,,30746,13,,,0,10,,30755,13,,,0,10,,30766,13,,,0,10,,30662,13,,,0,10,,30672,13,,,0,10,,30684,13,,,0,50,,30693,13,,,0,10,,30705,13,,,0,10,,30716,13,,,0,10,,30724,13,,,0,10,,30736,13,,,0,10,,30747,13,,,0,50,,30756,13,,,0,10,,30767,13,,,0,10,,30663,13,,,0,10,,30673,13,,,0,10,,30685,13,,,0,10,,30694,13,,,0,50,,30706,13,,,0,10,,30717,13,,,0,10,,30726,13,,,0,10,,30737,13,,,0,10,,30748,13,,,0,10,,30757,13,,,0,50,,30768,13,,,0,10,,30664,13,,,0,10,,30674,13,,,0,15,,30695,13,,,0,15,,30707,13,,,0,55,,30727,13,,,0,15,,30738,13,,,0,15,,30758,13,,,0,15,,30769,13,,,0,55,,30675,13,,,0,15,,30696,13,,,0,15,,30708,13,,,0,15,,30728,13,,,0,55,,30739,13,,,0,15,,30759,13,,,0,15,,30770,13,,,0,15,,30676,13,,,0,55,,30697,13,,,0
20201,'pT6Oct10-Saturday-01',445,,32755,10,,,0,10,,32765,10,,,0,50,,32777,10,,,0,10,,32786,13,,,0,10,,32798,13,,,0,10,,32809,13,,,0,10,,32818,13,,,0,10,,32829,13,,,0,50,,32840,13,,,0,10,,32849,13,,,0,10,,32860,13,,,0,10,,32756,13,,,0,10,,32766,13,,,0,10,,32778,13,,,0,50,,32787,13,,,0,10,,32799,13,,,0,10,,32810,13,,,0,10,,32819,13,,,0,10,,32830,13,,,0,10,,32841,13,,,0,50,,32850,13,,,0,10,,32861,13,,,0,10,,32757,13,,,0,10,,32767,13,,,0,10,,32779,13,,,0,10,,32788,13,,,0,50,,32800,13,,,0,10,,32813,13,,,0,10,,32820,13,,,0,10,,32831,13,,,0,10,,32842,13,,,0,10,,32851,13,,,0,50,,32862,13,,,0,10,,32758,13,,,0,10,,32768,13,,,0,10,,32780,13,,,0,10,,32789,13,,,0,10,,32801,13,,,0,50,,32811,13,,,0,10,,32821,13,,,0,10,,32832,13,,,0,10,,32843,13,,,0,10,,32852,13,,,0,10,,32863,13,,,0,50,,32759,13,,,0,10,,32769,13,,,0,10,,32781,13,,,0,10,,32790,13,,,0,10,,32802,13,,,0,10,,32812,13,,,0,50,,32822,13,,,0,10,,32833,13,,,0,10,,32844,13,,,0,10,,32853,13,,,0,10,,32864,13,,,0,10,,32762,13,,,0,50,,32770,13,,,0,10,,32782,13,,,0,10,,32791,13,,,0,10,,32803,13,,,0,10,,32814,13,,,0,10,,32823,13,,,0,50,,32834,13,,,0,10,,32845,13,,,0,10,,32854,13,,,0,10,,32865,13,,,0,10,,32760,13,,,0,10,,32771,13,,,0,50,,32783,13,,,0,10,,32792,13,,,0,10,,32804,13,,,0,10,,32815,13,,,0,10,,32824,13,,,0,10,,32835,13,,,0,50,,32846,13,,,0,10,,32855,13,,,0,10,,32866,13,,,0,10,,32761,13,,,0,10,,32772,13,,,0,10,,32784,13,,,0,50,,32793,13,,,0,10,,32805,13,,,0,10,,32816,13,,,0,10,,32825,13,,,0,10,,32836,13,,,0,10,,32847,13,,,0,50,,32856,13,,,0,10,,32867,13,,,0,10,,32763,13,,,0,10,,32773,13,,,0,10,,32785,13,,,0,10,,32794,13,,,0,50,,32806,13,,,0,10,,32817,13,,,0,10,,32826,13,,,0,10,,32837,13,,,0,10,,32848,13,,,0,10,,32857,13,,,0,50,,32868,13,,,0,10,,32764,13,,,0,10,,32774,13,,,0,15,,32795,13,,,0,15,,32807,13,,,0,55,,32827,13,,,0,15,,32838,13,,,0,15,,32858,13,,,0,15,,32869,13,,,0,55,,32775,13,,,0,15,,32797,13,,,0,15,,32808,13,,,0,15,,32828,13,,,0,55,,32839,13,,,0,15,,32859,13,,,0,15,,32870,13,,,0,15,,32776,13,,,0,55,,32796,13,,,0
20201,'pT7Oct04-Sunday-01',445,,30771,10,,,0,10,,30781,10,,,0,50,,30793,10,,,0,10,,30801,13,,,0,10,,30814,13,,,0,10,,30825,13,,,0,10,,30834,13,,,0,10,,30845,13,,,0,50,,30856,13,,,0,10,,30865,13,,,0,10,,30876,13,,,0,10,,30774,13,,,0,10,,30782,13,,,0,10,,30794,13,,,0,50,,30802,13,,,0,10,,30815,13,,,0,10,,30826,13,,,0,10,,30836,13,,,0,10,,30846,13,,,0,10,,30857,13,,,0,50,,30866,13,,,0,10,,30877,13,,,0,10,,30772,13,,,0,10,,30783,13,,,0,10,,30795,13,,,0,10,,30803,13,,,0,50,,30816,13,,,0,10,,30827,13,,,0,10,,30837,13,,,0,10,,30847,13,,,0,10,,30858,13,,,0,10,,30867,13,,,0,50,,30878,13,,,0,10,,30773,13,,,0,10,,30784,13,,,0,10,,30796,13,,,0,10,,30805,13,,,0,10,,30817,13,,,0,50,,30828,13,,,0,10,,30835,13,,,0,10,,30848,13,,,0,10,,30859,13,,,0,10,,30868,13,,,0,10,,30879,13,,,0,50,,30776,13,,,0,10,,30785,13,,,0,10,,30797,13,,,0,10,,30806,13,,,0,10,,30818,13,,,0,10,,30829,13,,,0,50,,30838,13,,,0,10,,30849,13,,,0,10,,30860,13,,,0,10,,30869,13,,,0,10,,30880,13,,,0,10,,30775,13,,,0,50,,30786,13,,,0,10,,30798,13,,,0,10,,30807,13,,,0,10,,30819,13,,,0,10,,30830,13,,,0,10,,30839,13,,,0,50,,30851,13,,,0,10,,30861,13,,,0,10,,30870,13,,,0,10,,30881,13,,,0,10,,30777,13,,,0,10,,30787,13,,,0,50,,30799,13,,,0,10,,30808,13,,,0,10,,30820,13,,,0,10,,30831,13,,,0,10,,30840,13,,,0,10,,30852,13,,,0,50,,30862,13,,,0,10,,30871,13,,,0,10,,30882,13,,,0,10,,30778,13,,,0,10,,30788,13,,,0,10,,30800,13,,,0,50,,30809,13,,,0,10,,30821,13,,,0,10,,30832,13,,,0,10,,30841,13,,,0,10,,30850,13,,,0,10,,30863,13,,,0,50,,30872,13,,,0,10,,30883,13,,,0,10,,30779,13,,,0,10,,30789,13,,,0,10,,30804,13,,,0,10,,30810,13,,,0,50,,30822,13,,,0,10,,30833,13,,,0,10,,30842,13,,,0,10,,30853,13,,,0,10,,30864,13,,,0,10,,30873,13,,,0,50,,30884,13,,,0,10,,30780,13,,,0,10,,30791,13,,,0,15,,30811,13,,,0,15,,30823,13,,,0,55,,30843,13,,,0,15,,30854,13,,,0,15,,30874,13,,,0,15,,30885,13,,,0,55,,30790,13,,,0,15,,30812,13,,,0,15,,30824,13,,,0,15,,30844,13,,,0,55,,30855,13,,,0,15,,30875,13,,,0,15,,30886,13,,,0,15,,30792,13,,,0,55,,30813,13,,,0
20201,'pT7Oct11-Sunday-01',440,,32953,13,,,0,15,,32952,13,,,0,55,,32951,13,,,0,15,,32948,13,,,0,15,,32942,13,,,0,15,,32947,13,,,0,55,,32943,13,,,0,15,,32946,13,,,0,15,,32949,13,,,0,15,,32945,13,,,0,55,,32950,13,,,0,15,,32944,13,,,0,15,,32912,13,,,0,15,,32913,13,,,0,55,,32914,13,,,0,15,,32915,13,,,0,15,,32916,13,,,0,15,,32917,13,,,0,55,,32918,13,,,0,15,,32919,13,,,0,15,,32920,13,,,0,15,,32921,13,,,0,55,,32922,13,,,0,15,,32923,13,,,0,15,,32924,13,,,0,15,,32925,13,,,0,55,,32926,13,,,0,15,,32927,13,,,0,15,,32928,13,,,0,15,,32929,13,,,0,55,,32931,13,,,0,15,,32932,13,,,0,15,,32933,13,,,0,15,,32934,13,,,0,55,,32935,13,,,0,15,,32936,13,,,0,15,,32937,13,,,0,15,,32938,13,,,0,55,,32939,13,,,0,15,,32940,13,,,0,15,,32941,13,,,0,15,,32930,13,,,0,55,,32893,13,,,0,15,,32889,13,,,0,15,,32892,13,,,0,15,,32890,13,,,0,55,,32891,13,,,0,15,,32911,13,,,0,15,,32908,13,,,0,15,,32909,13,,,0,55,,32910,13,,,0,15,,32907,13,,,0,15,,32906,13,,,0,15,,32905,13,,,0,55,,32904,13,,,0,15,,32903,13,,,0,15,,32902,13,,,0,15,,32901,13,,,0,55,,32900,13,,,0,15,,32898,13,,,0,15,,32899,13,,,0,15,,32897,13,,,0,55,,32896,13,,,0,15,,32895,13,,,0,15,,32894,13,,,0,15,,32885,13,,,0,55,,32886,13,,,0,15,,32887,13,,,0,15,,32888,13,,,0,15,,32875,13,,,0,55,,32877,13,,,0,15,,32879,13,,,0,15,,32881,13,,,0,15,,32883,13,,,0,55,,32872,13,,,0,15,,32874,13,,,0,15,,32876,13,,,0,15,,32878,13,,,0,55,,32880,13,,,0,15,,32882,13,,,0,15,,32884,13,,,0,15,,32871,13,,,0,55,,32873,13,,,0
