20101,'Saturday-00',521,,21492,11,,,0,10,,21502,11,,,0,10,,21511,11,,,0,10,,21522,11,,,0,50,,21530,11,,,0,10,,21540,11,,,0,10,,21550,11,,,0,10,,21559,11,,,0,10,,21569,11,,,0,10,,21579,11,,,0,50,,21589,11,,,0,10,,21599,11,,,0,10,,21608,11,,,0,10,,21493,11,,,0,10,,21503,11,,,0,10,,21512,11,,,0,50,,21523,11,,,0,10,,21531,11,,,0,10,,21541,11,,,0,10,,21551,11,,,0,10,,21560,11,,,0,10,,21570,11,,,0,50,,21580,11,,,0,10,,21590,11,,,0,10,,21600,11,,,0,10,,21609,11,,,0,10,,21494,11,,,0,10,,21504,11,,,0,50,,21513,11,,,0,10,,21524,11,,,0,10,,21532,11,,,0,10,,21542,11,,,0,10,,21552,11,,,0,10,,21561,11,,,0,50,,21571,11,,,0,10,,21581,11,,,0,10,,21591,11,,,0,10,,21601,11,,,0,10,,21610,11,,,0,10,,21495,11,,,0,50,,21505,11,,,0,10,,21514,11,,,0,10,,21525,11,,,0,10,,21533,11,,,0,10,,21543,11,,,0,10,,21553,11,,,0,50,,21562,11,,,0,10,,21572,11,,,0,10,,21582,11,,,0,10,,21592,11,,,0,10,,21602,11,,,0,10,,21611,11,,,0,50,,21496,11,,,0,10,,21506,11,,,0,10,,21516,11,,,0,10,,21526,11,,,0,10,,21534,11,,,0,10,,21544,11,,,0,50,,21554,11,,,0,10,,21563,11,,,0,10,,21573,11,,,0,10,,21583,11,,,0,10,,21593,11,,,0,10,,21603,11,,,0,50,,21612,11,,,0,10,,21497,11,,,0,10,,21507,11,,,0,10,,21517,11,,,0,10,,21527,11,,,0,10,,21535,11,,,0,50,,21545,11,,,0,10,,21555,11,,,0,10,,21564,11,,,0,10,,21574,11,,,0,10,,21584,11,,,0,10,,21594,11,,,0,50,,21604,11,,,0,10,,21613,11,,,0,10,,21498,11,,,0,10,,21508,11,,,0,10,,21518,11,,,0,10,,21528,11,,,0,50,,21536,11,,,0,10,,21546,11,,,0,10,,21556,11,,,0,10,,21565,11,,,0,10,,21575,11,,,0,10,,21586,11,,,0,50,,21595,11,,,0,10,,21605,11,,,0,10,,21614,11,,,0,10,,21499,11,,,0,10,,21515,11,,,0,10,,21519,11,,,0,50,,21529,11,,,0,10,,21537,11,,,0,10,,21547,11,,,0,10,,21557,11,,,0,10,,21566,11,,,0,10,,21576,11,,,0,50,,21585,11,,,0,15,,21596,11,,,0,15,,21606,11,,,0,7,,21615,11,,,0,8,,21500,11,,,0,55,,21509,11,,,0,15,,21520,11,,,0,15,,21538,11,,,0,15,,21548,11,,,0,55,,21567,11,,,0,15,,21577,11,,,0,15,,21587,11,,,0,15,,21597,11,,,0,55,,21607,11,,,0,15,,21501,11,,,0,15,,21510,11,,,0,15,,21521,11,,,0,55,,21539,11,,,0
20101,'Sunday-00',521,,21616,11,,,0,10,,21626,11,,,0,10,,21636,11,,,0,10,,21646,11,,,0,50,,21654,11,,,0,10,,21664,11,,,0,10,,21674,11,,,0,10,,21683,11,,,0,10,,21693,11,,,0,10,,21703,11,,,0,50,,21713,11,,,0,10,,21723,11,,,0,10,,21732,11,,,0,10,,21617,11,,,0,10,,21627,11,,,0,10,,21637,11,,,0,50,,21647,11,,,0,10,,21656,11,,,0,10,,21665,11,,,0,10,,21675,11,,,0,10,,21684,11,,,0,10,,21694,11,,,0,50,,21704,11,,,0,10,,21714,11,,,0,10,,21724,11,,,0,10,,21733,11,,,0,10,,21618,11,,,0,10,,21628,11,,,0,50,,21638,11,,,0,10,,21648,11,,,0,10,,21655,11,,,0,10,,21666,11,,,0,10,,21676,11,,,0,10,,21685,11,,,0,50,,21695,11,,,0,10,,21706,11,,,0,10,,21715,11,,,0,10,,21725,11,,,0,10,,21734,11,,,0,10,,21619,11,,,0,50,,21629,11,,,0,10,,21639,11,,,0,10,,21649,11,,,0,10,,21657,11,,,0,10,,21667,11,,,0,10,,21677,11,,,0,50,,21686,11,,,0,10,,21696,11,,,0,10,,21705,11,,,0,10,,21716,11,,,0,10,,21726,11,,,0,10,,21735,11,,,0,50,,21620,11,,,0,10,,21630,11,,,0,10,,21640,11,,,0,10,,21650,11,,,0,10,,21658,11,,,0,10,,21668,11,,,0,50,,21678,11,,,0,10,,21687,11,,,0,10,,21697,11,,,0,10,,21707,11,,,0,10,,21717,11,,,0,10,,21727,11,,,0,50,,21736,11,,,0,10,,21621,11,,,0,10,,21631,11,,,0,10,,21641,11,,,0,10,,21651,11,,,0,10,,21659,11,,,0,50,,21669,11,,,0,10,,21679,11,,,0,10,,21688,11,,,0,10,,21698,11,,,0,10,,21708,11,,,0,10,,21718,11,,,0,50,,21728,11,,,0,10,,21737,11,,,0,10,,21623,11,,,0,10,,21632,11,,,0,10,,21642,11,,,0,10,,21652,11,,,0,50,,21660,11,,,0,10,,21670,11,,,0,10,,21680,11,,,0,10,,21689,11,,,0,10,,21699,11,,,0,10,,21709,11,,,0,50,,21719,11,,,0,10,,21729,11,,,0,10,,21738,11,,,0,10,,21622,11,,,0,10,,21633,11,,,0,10,,21643,11,,,0,50,,21653,11,,,0,10,,21661,11,,,0,10,,21671,11,,,0,10,,21681,11,,,0,10,,21691,11,,,0,10,,21700,11,,,0,50,,21710,11,,,0,15,,21720,11,,,0,15,,21730,11,,,0,7,,21739,11,,,0,8,,21624,11,,,0,55,,21634,11,,,0,15,,21644,11,,,0,15,,21662,11,,,0,15,,21672,11,,,0,55,,21690,11,,,0,15,,21701,11,,,0,15,,21711,11,,,0,15,,21721,11,,,0,55,,21731,11,,,0,15,,21625,11,,,0,15,,21635,11,,,0,15,,21645,11,,,0,55,,21663,11,,,0
20101,'Weekday-00',458,,21740,11,,,0,48,,21741,11,,,0,17,,21904,11,,,0,5,,21743,11,,,0,10,,21744,11,,,0,10,,21745,11,,,0,5,,21882,11,,,0,5,,21742,11,,,0,45,,21883,11,,,0,4,,21746,11,,,0,5,,21747,11,,,0,5,,21908,11,,,0,5,,21750,11,,,0,5,,21906,11,,,0,5,,21751,11,,,0,5,,21748,11,,,0,5,,21749,11,,,0,5,,21752,11,,,0,5,,21753,11,,,0,5,,21754,11,,,0,45,,21755,11,,,0,5,,21756,11,,,0,5,,21757,11,,,0,5,,21758,11,,,0,5,,21759,11,,,0,5,,21760,11,,,0,5,,21761,11,,,0,4,,21762,11,,,0,6,,21763,11,,,0,5,,21764,11,,,0,5,,21765,11,,,0,5,,21766,11,,,0,45,,21767,11,,,0,5,,21768,11,,,0,5,,21770,11,,,0,5,,21771,11,,,0,5,,21772,11,,,0,5,,21769,11,,,0,5,,21773,11,,,0,5,,21774,11,,,0,5,,21775,11,,,0,5,,21776,11,,,0,5,,21777,11,,,0,6,,21778,11,,,0,45,,21779,11,,,0,5,,21780,11,,,0,5,,21781,11,,,0,5,,21782,11,,,0,5,,21783,11,,,0,5,,21784,11,,,0,5,,21914,11,,,0,5,,21785,11,,,0,4,,21913,11,,,0,5,,21786,11,,,0,5,,21915,11,,,0,6,,21787,11,,,0,45,,21916,11,,,0,5,,21788,11,,,0,10,,21789,11,,,0,10,,21791,11,,,0,10,,21792,11,,,0,10,,21793,11,,,0,10,,21790,11,,,0,50,,21794,11,,,0,10,,21795,11,,,0,10,,21796,11,,,0,10,,21797,11,,,0,10,,21798,11,,,0,10,,21799,11,,,0,46,,21800,11,,,0,14,,21801,11,,,0,10,,21802,11,,,0,10,,21803,11,,,0,10,,21804,11,,,0,10,,21805,11,,,0,50,,21807,11,,,0,10,,21808,11,,,0,10,,21809,11,,,0,10,,21806,11,,,0,10,,21810,11,,,0,10,,21811,11,,,0,50,,21812,11,,,0,10,,21813,11,,,0,8,,21814,11,,,0,12,,21815,11,,,0,8,,21816,11,,,0,11,,21818,11,,,0,50,,21819,11,,,0,5,,21907,11,,,0,5,,21820,11,,,0,5,,21817,11,,,0,5,,21821,11,,,0,5,,21822,11,,,0,5,,21825,11,,,0,4,,21826,11,,,0,4,,21922,11,,,0,2,,21823,11,,,0,5,,21824,11,,,0,5,,21827,11,,,0,45,,21828,11,,,0,5,,21829,11,,,0,5,,21830,11,,,0,5,,21831,11,,,0,5,,21832,11,,,0,5,,21833,11,,,0,5,,21834,11,,,0,4,,21835,11,,,0,6,,21836,11,,,0,5,,21837,11,,,0,5,,21838,11,,,0,5,,21839,11,,,0,45,,21840,11,,,0,5,,21841,11,,,0,5,,21842,11,,,0,5,,21843,11,,,0,5,,21844,11,,,0,5,,21845,11,,,0,5,,21846,11,,,0,5,,21847,11,,,0,4,,21848,11,,,0,5,,21849,11,,,0,5,,21850,11,,,0,5,,21923,11,,,0,45,,21851,11,,,0,4,,21852,11,,,0,5,,21853,11,,,0,5,,21854,11,,,0,5,,21855,11,,,0,5,,21856,11,,,0,4,,21857,11,,,0,4,,21920,11,,,0,11,,21858,11,,,0,6,,21859,11,,,0,50,,21860,11,,,0,5,,21921,11,,,0,5,,21861,11,,,0,5,,21881,11,,,0,5,,21862,11,,,0,12,,21863,11,,,0,8,,21864,11,,,0,10,,21866,11,,,0,50,,21867,11,,,0,10,,21868,11,,,0,10,,21865,11,,,0,10,,21869,11,,,0,10,,21870,11,,,0,10,,21871,11,,,0,50,,21872,11,,,0,10,,21873,11,,,0,11,,21874,11,,,0,14,,21885,11,,,0,8,,21902,11,,,0,8,,21884,11,,,0,7,,21903,11,,,0,47,,21886,11,,,0,15,,21887,11,,,0,15,,21888,11,,,0,15,,21889,11,,,0,55,,21890,11,,,0,15,,21891,11,,,0,15,,21892,11,,,0,15,,21893,11,,,0,55,,21894,11,,,0,15,,21895,11,,,0,15,,21896,11,,,0,15,,21897,11,,,0,55,,21898,11,,,0,15,,21899,11,,,0,15,,21900,11,,,0,15,,21901,11,,,0,55,,21880,11,,,0
20101,'LR3Sep30-Saturday-01',457,,21939,11,,,0,50,,21947,11,,,0,10,,21967,11,,,0,10,,22074,11,,,0,10,,22077,11,,,0,7,,21986,11,,,0,7,,21994,11,,,0,6,,22005,11,,,0,48,,22014,11,,,0,8,,22080,11,,,0,8,,22024,11,,,0,6,,22033,11,,,0,7,,22043,11,,,0,7,,22082,11,,,0,7,,22053,11,,,0,7,,22063,11,,,0,47,,22072,11,,,0,7,,21940,11,,,0,7,,21948,11,,,0,7,,21958,11,,,0,7,,21968,11,,,0,7,,22075,11,,,0,7,,21976,11,,,0,7,,22078,11,,,0,7,,21987,11,,,0,47,,21995,11,,,0,7,,22006,11,,,0,7,,22015,11,,,0,7,,22081,11,,,0,7,,22025,11,,,0,7,,22034,11,,,0,7,,22044,11,,,0,7,,22083,11,,,0,46,,22054,11,,,0,7,,22064,11,,,0,7,,22073,11,,,0,6,,21941,11,,,0,7,,21949,11,,,0,11,,21959,11,,,0,9,,21969,11,,,0,5,,22076,11,,,0,6,,21977,11,,,0,47,,22079,11,,,0,4,,21988,11,,,0,9,,21996,11,,,0,9,,22007,11,,,0,11,,22016,11,,,0,10,,22026,11,,,0,10,,22035,11,,,0,50,,22045,11,,,0,10,,22055,11,,,0,10,,22065,11,,,0,10,,21942,11,,,0,10,,21950,11,,,0,10,,21960,11,,,0,50,,21970,11,,,0,10,,21978,11,,,0,10,,21989,11,,,0,10,,21997,11,,,0,10,,22008,11,,,0,10,,22017,11,,,0,50,,22027,11,,,0,10,,22036,11,,,0,10,,22046,11,,,0,10,,22056,11,,,0,10,,22066,11,,,0,10,,21943,11,,,0,50,,21951,11,,,0,10,,21961,11,,,0,8,,21971,11,,,0,12,,21979,11,,,0,8,,21990,11,,,0,7,,21998,11,,,0,48,,22009,11,,,0,9,,22084,11,,,0,9,,22018,11,,,0,7,,22028,11,,,0,4,,22086,11,,,0,6,,22037,11,,,0,6,,22047,11,,,0,6,,22089,11,,,0,7,,22057,11,,,0,46,,22067,11,,,0,7,,22091,11,,,0,7,,21944,11,,,0,7,,21952,11,,,0,7,,22093,11,,,0,7,,21962,11,,,0,7,,21972,11,,,0,7,,22095,11,,,0,7,,21980,11,,,0,47,,21991,11,,,0,7,,21999,11,,,0,7,,22010,11,,,0,7,,22085,11,,,0,7,,22019,11,,,0,7,,22029,11,,,0,6,,22087,11,,,0,7,,22038,11,,,0,6,,22048,11,,,0,47,,22090,11,,,0,7,,22058,11,,,0,7,,22068,11,,,0,6,,22092,11,,,0,5,,21945,11,,,0,5,,21953,11,,,0,6,,22094,11,,,0,6,,21963,11,,,0,7,,21973,11,,,0,47,,22096,11,,,0,7,,21981,11,,,0,7,,21992,11,,,0,7,,22000,11,,,0,8,,22011,11,,,0,6,,22020,11,,,0,6,,22030,11,,,0,8,,22088,11,,,0,9,,22039,11,,,0,50,,22049,11,,,0,10,,22059,11,,,0,10,,22069,11,,,0,10,,21946,11,,,0,10,,21954,11,,,0,10,,21964,11,,,0,50,,21974,11,,,0,11,,21982,11,,,0,14,,22001,11,,,0,8,,22012,11,,,0,8,,22021,11,,,0,7,,22031,11,,,0,47,,22040,11,,,0,15,,22050,11,,,0,15,,22060,11,,,0,15,,22070,11,,,0,55,,21955,11,,,0,15,,21965,11,,,0,15,,21983,11,,,0,15,,22002,11,,,0,55,,22022,11,,,0,15,,22041,11,,,0,15,,22051,11,,,0,15,,22061,11,,,0,55,,22071,11,,,0,15,,21956,11,,,0,15,,21966,11,,,0,15,,21984,11,,,0,55,,22003,11,,,0
20101,'pT5Sep25-Weekday-01',458,,28115,11,,,0,48,,28116,11,,,0,17,,28279,11,,,0,5,,28118,11,,,0,10,,28120,11,,,0,10,,28121,11,,,0,5,,28257,11,,,0,5,,28117,11,,,0,45,,28258,11,,,0,4,,28122,11,,,0,5,,28119,11,,,0,5,,28283,11,,,0,5,,28125,11,,,0,5,,28281,11,,,0,5,,28126,11,,,0,5,,28123,11,,,0,5,,28124,11,,,0,5,,28127,11,,,0,5,,28128,11,,,0,5,,28129,11,,,0,45,,28130,11,,,0,5,,28131,11,,,0,5,,28132,11,,,0,5,,28133,11,,,0,5,,28134,11,,,0,5,,28135,11,,,0,5,,28136,11,,,0,4,,28137,11,,,0,6,,28138,11,,,0,5,,28139,11,,,0,5,,28140,11,,,0,5,,28141,11,,,0,45,,28142,11,,,0,5,,28143,11,,,0,5,,28145,11,,,0,5,,28146,11,,,0,5,,28147,11,,,0,5,,28144,11,,,0,5,,28148,11,,,0,5,,28149,11,,,0,5,,28150,11,,,0,5,,28151,11,,,0,5,,28152,11,,,0,6,,28153,11,,,0,45,,28154,11,,,0,5,,28156,11,,,0,5,,28157,11,,,0,5,,28158,11,,,0,5,,28155,11,,,0,5,,28159,11,,,0,5,,28289,11,,,0,5,,28160,11,,,0,4,,28288,11,,,0,5,,28161,11,,,0,5,,28290,11,,,0,6,,28162,11,,,0,45,,28291,11,,,0,5,,28163,11,,,0,10,,28164,11,,,0,10,,28166,11,,,0,10,,28167,11,,,0,10,,28168,11,,,0,10,,28165,11,,,0,50,,28169,11,,,0,10,,28171,11,,,0,10,,28172,11,,,0,10,,28173,11,,,0,10,,28170,11,,,0,10,,28174,11,,,0,46,,28175,11,,,0,14,,28176,11,,,0,10,,28177,11,,,0,10,,28178,11,,,0,10,,28179,11,,,0,10,,28180,11,,,0,50,,28182,11,,,0,10,,28183,11,,,0,10,,28184,11,,,0,10,,28181,11,,,0,10,,28185,11,,,0,10,,28186,11,,,0,50,,28187,11,,,0,10,,28188,11,,,0,8,,28189,11,,,0,12,,28190,11,,,0,8,,28191,11,,,0,11,,28193,11,,,0,50,,28194,11,,,0,5,,28282,11,,,0,5,,28195,11,,,0,5,,28192,11,,,0,5,,28196,11,,,0,5,,28197,11,,,0,5,,28200,11,,,0,4,,28201,11,,,0,4,,28297,11,,,0,2,,28198,11,,,0,5,,28199,11,,,0,5,,28203,11,,,0,45,,28204,11,,,0,5,,28205,11,,,0,5,,28202,11,,,0,5,,28206,11,,,0,5,,28207,11,,,0,5,,28208,11,,,0,5,,28209,11,,,0,4,,28210,11,,,0,6,,28211,11,,,0,5,,28212,11,,,0,5,,28213,11,,,0,5,,28214,11,,,0,45,,28215,11,,,0,5,,28216,11,,,0,5,,28217,11,,,0,5,,28218,11,,,0,5,,28219,11,,,0,5,,28220,11,,,0,5,,28221,11,,,0,5,,28222,11,,,0,4,,28224,11,,,0,5,,28225,11,,,0,5,,28226,11,,,0,5,,28298,11,,,0,45,,28223,11,,,0,4,,28227,11,,,0,5,,28228,11,,,0,5,,28229,11,,,0,5,,28230,11,,,0,5,,28231,11,,,0,4,,28232,11,,,0,4,,28295,11,,,0,11,,28233,11,,,0,6,,28234,11,,,0,50,,28235,11,,,0,5,,28296,11,,,0,5,,28236,11,,,0,5,,28255,11,,,0,5,,28237,11,,,0,12,,28238,11,,,0,8,,28239,11,,,0,10,,28241,11,,,0,50,,28243,11,,,0,10,,28244,11,,,0,10,,28240,11,,,0,10,,28245,11,,,0,10,,28242,11,,,0,10,,28246,11,,,0,50,,28247,11,,,0,10,,28248,11,,,0,11,,28249,11,,,0,14,,28260,11,,,0,8,,28277,11,,,0,8,,28259,11,,,0,7,,28278,11,,,0,47,,28261,11,,,0,15,,28262,11,,,0,15,,28263,11,,,0,15,,28264,11,,,0,55,,28265,11,,,0,15,,28266,11,,,0,15,,28267,11,,,0,15,,28269,11,,,0,55,,28270,11,,,0,15,,28271,11,,,0,15,,28268,11,,,0,15,,28272,11,,,0,55,,28273,11,,,0,15,,28274,11,,,0,15,,28275,11,,,0,15,,28276,11,,,0,55,,28256,11,,,0
20101,'pT6Oct03-Saturday-01',445,,30232,5,,,0,55,,30059,5,,,0,15,,30231,5,,,0,15,,30134,5,,,0,15,,30140,5,,,0,55,,30076,5,,,0,15,,30082,5,,,0,15,,30088,5,,,0,15,,30093,5,,,0,55,,30098,5,,,0,15,,30103,5,,,0,15,,30108,5,,,0,15,,30114,5,,,0,55,,30119,5,,,0,15,,30124,5,,,0,15,,30129,5,,,0,15,,30135,5,,,0,55,,30141,5,,,0,15,,30077,5,,,0,15,,30083,5,,,0,15,,30089,5,,,0,55,,30094,5,,,0,15,,30099,5,,,0,15,,30105,5,,,0,15,,30109,5,,,0,55,,30115,5,,,0,15,,30120,5,,,0,15,,30125,5,,,0,15,,30130,5,,,0,55,,30136,5,,,0,15,,30142,5,,,0,15,,30078,5,,,0,15,,30084,5,,,0,55,,30091,5,,,0,15,,30095,5,,,0,15,,30102,5,,,0,15,,30104,5,,,0,55,,30110,5,,,0,15,,30116,5,,,0,15,,30121,5,,,0,15,,30126,5,,,0,55,,30131,5,,,0,15,,30137,5,,,0,15,,30143,5,,,0,15,,30079,5,,,0,55,,30085,5,,,0,15,,30090,5,,,0,15,,30096,5,,,0,15,,30101,5,,,0,55,,30106,5,,,0,15,,30111,5,,,0,15,,30117,5,,,0,15,,30122,5,,,0,55,,30127,5,,,0,15,,30132,5,,,0,15,,30138,5,,,0,15,,30144,5,,,0,55,,30080,5,,,0,15,,30086,5,,,0,15,,30092,5,,,0,15,,30097,5,,,0,55,,30100,5,,,0,15,,30107,5,,,0,15,,30112,5,,,0,15,,30118,5,,,0,55,,30123,5,,,0,15,,30128,5,,,0,15,,30133,5,,,0,15,,30139,5,,,0,55,,30145,5,,,0,15,,30081,5,,,0,15,,30087,5,,,0,15,,30113,5,,,0,55,,30061,5,,,0,15,,30064,5,,,0,15,,30065,5,,,0,15,,30067,5,,,0,55,,30069,5,,,0,15,,30072,5,,,0,15,,30073,5,,,0,15,,30074,5,,,0,55,,30075,5,,,0,15,,30060,5,,,0,15,,30062,5,,,0,15,,30063,5,,,0,55,,30066,5,,,0
20101,'pT6Sep26-Saturday-01',521,,28314,11,,,0,10,,28324,11,,,0,10,,28333,11,,,0,10,,28344,11,,,0,50,,28352,11,,,0,10,,28362,11,,,0,10,,28372,11,,,0,10,,28381,11,,,0,10,,28391,11,,,0,10,,28401,11,,,0,50,,28411,11,,,0,10,,28421,11,,,0,10,,28430,11,,,0,10,,28315,11,,,0,10,,28325,11,,,0,10,,28334,11,,,0,50,,28345,11,,,0,10,,28353,11,,,0,10,,28363,11,,,0,10,,28373,11,,,0,10,,28382,11,,,0,10,,28392,11,,,0,50,,28402,11,,,0,10,,28412,11,,,0,10,,28422,11,,,0,10,,28431,11,,,0,10,,28316,11,,,0,10,,28326,11,,,0,50,,28335,11,,,0,10,,28346,11,,,0,10,,28354,11,,,0,10,,28364,11,,,0,10,,28374,11,,,0,10,,28383,11,,,0,50,,28393,11,,,0,10,,28403,11,,,0,10,,28413,11,,,0,10,,28423,11,,,0,10,,28432,11,,,0,10,,28317,11,,,0,50,,28327,11,,,0,10,,28336,11,,,0,10,,28347,11,,,0,10,,28355,11,,,0,10,,28365,11,,,0,10,,28375,11,,,0,50,,28384,11,,,0,10,,28394,11,,,0,10,,28404,11,,,0,10,,28414,11,,,0,10,,28424,11,,,0,10,,28433,11,,,0,50,,28318,11,,,0,10,,28328,11,,,0,10,,28338,11,,,0,10,,28348,11,,,0,10,,28356,11,,,0,10,,28366,11,,,0,50,,28376,11,,,0,10,,28385,11,,,0,10,,28395,11,,,0,10,,28405,11,,,0,10,,28415,11,,,0,10,,28426,11,,,0,50,,28434,11,,,0,10,,28319,11,,,0,10,,28329,11,,,0,10,,28339,11,,,0,10,,28350,11,,,0,10,,28357,11,,,0,50,,28367,11,,,0,10,,28377,11,,,0,10,,28386,11,,,0,10,,28396,11,,,0,10,,28406,11,,,0,10,,28416,11,,,0,50,,28425,11,,,0,10,,28435,11,,,0,10,,28320,11,,,0,10,,28331,11,,,0,10,,28340,11,,,0,10,,28349,11,,,0,50,,28358,11,,,0,10,,28368,11,,,0,10,,28379,11,,,0,10,,28387,11,,,0,10,,28397,11,,,0,10,,28408,11,,,0,50,,28417,11,,,0,10,,28427,11,,,0,10,,28436,11,,,0,10,,28321,11,,,0,10,,28337,11,,,0,10,,28341,11,,,0,50,,28351,11,,,0,10,,28359,11,,,0,10,,28369,11,,,0,10,,28378,11,,,0,10,,28388,11,,,0,10,,28398,11,,,0,50,,28407,11,,,0,15,,28418,11,,,0,15,,28428,11,,,0,7,,28437,11,,,0,8,,28322,11,,,0,55,,28330,11,,,0,15,,28342,11,,,0,15,,28360,11,,,0,15,,28370,11,,,0,55,,28389,11,,,0,15,,28399,11,,,0,15,,28409,11,,,0,15,,28419,11,,,0,55,,28429,11,,,0,15,,28323,11,,,0,15,,28332,11,,,0,15,,28343,11,,,0,55,,28361,11,,,0
20101,'pT7Oct04-Sunday-01',445,,30233,5,,,0,55,,30246,5,,,0,15,,30259,5,,,0,15,,30271,5,,,0,15,,30284,5,,,0,55,,30297,5,,,0,15,,30310,5,,,0,15,,30234,5,,,0,15,,30247,5,,,0,55,,30260,5,,,0,15,,30272,5,,,0,15,,30285,5,,,0,15,,30298,5,,,0,55,,30311,5,,,0,15,,30235,5,,,0,15,,30248,5,,,0,15,,30261,5,,,0,55,,30273,5,,,0,15,,30286,5,,,0,15,,30299,5,,,0,15,,30312,5,,,0,55,,30236,5,,,0,15,,30249,5,,,0,15,,30262,5,,,0,15,,30274,5,,,0,55,,30287,5,,,0,15,,30300,5,,,0,15,,30313,5,,,0,15,,30237,5,,,0,55,,30250,5,,,0,15,,30263,5,,,0,15,,30275,5,,,0,15,,30288,5,,,0,55,,30301,5,,,0,15,,30314,5,,,0,15,,30238,5,,,0,15,,30251,5,,,0,55,,30264,5,,,0,15,,30276,5,,,0,15,,30289,5,,,0,15,,30302,5,,,0,55,,30315,5,,,0,15,,30239,5,,,0,15,,30252,5,,,0,15,,30265,5,,,0,55,,30277,5,,,0,15,,30290,5,,,0,15,,30303,5,,,0,15,,30316,5,,,0,55,,30240,5,,,0,15,,30253,5,,,0,15,,30266,5,,,0,15,,30278,5,,,0,55,,30291,5,,,0,15,,30304,5,,,0,15,,30317,5,,,0,15,,30241,5,,,0,55,,30254,5,,,0,15,,30267,5,,,0,15,,30279,5,,,0,15,,30292,5,,,0,55,,30305,5,,,0,15,,30318,5,,,0,15,,30243,5,,,0,15,,30255,5,,,0,55,,30268,5,,,0,15,,30280,5,,,0,15,,30293,5,,,0,15,,30306,5,,,0,55,,30319,5,,,0,15,,30242,5,,,0,15,,30256,5,,,0,15,,30269,5,,,0,55,,30282,5,,,0,15,,30294,5,,,0,15,,30307,5,,,0,15,,30320,5,,,0,55,,30244,5,,,0,15,,30257,5,,,0,15,,30270,5,,,0,15,,30281,5,,,0,55,,30295,5,,,0,15,,30308,5,,,0,15,,30321,5,,,0,15,,30245,5,,,0,55,,30258,5,,,0
20101,'pT7Sep27-Sunday-01',521,,28446,11,,,0,10,,28456,11,,,0,10,,28466,11,,,0,10,,28476,11,,,0,50,,28484,11,,,0,10,,28494,11,,,0,10,,28504,11,,,0,10,,28513,11,,,0,10,,28523,11,,,0,10,,28533,11,,,0,50,,28543,11,,,0,10,,28553,11,,,0,10,,28562,11,,,0,10,,28447,11,,,0,10,,28457,11,,,0,10,,28467,11,,,0,50,,28477,11,,,0,10,,28486,11,,,0,10,,28495,11,,,0,10,,28506,11,,,0,10,,28514,11,,,0,10,,28524,11,,,0,50,,28534,11,,,0,10,,28544,11,,,0,10,,28554,11,,,0,10,,28563,11,,,0,10,,28448,11,,,0,10,,28458,11,,,0,50,,28468,11,,,0,10,,28478,11,,,0,10,,28485,11,,,0,10,,28496,11,,,0,10,,28507,11,,,0,10,,28515,11,,,0,50,,28525,11,,,0,10,,28536,11,,,0,10,,28545,11,,,0,10,,28555,11,,,0,10,,28564,11,,,0,10,,28449,11,,,0,50,,28459,11,,,0,10,,28469,11,,,0,10,,28479,11,,,0,10,,28487,11,,,0,10,,28497,11,,,0,10,,28505,11,,,0,50,,28516,11,,,0,10,,28526,11,,,0,10,,28535,11,,,0,10,,28546,11,,,0,10,,28556,11,,,0,10,,28565,11,,,0,50,,28450,11,,,0,10,,28460,11,,,0,10,,28470,11,,,0,10,,28480,11,,,0,10,,28488,11,,,0,10,,28498,11,,,0,50,,28508,11,,,0,10,,28517,11,,,0,10,,28527,11,,,0,10,,28537,11,,,0,10,,28547,11,,,0,10,,28557,11,,,0,50,,28566,11,,,0,10,,28451,11,,,0,10,,28461,11,,,0,10,,28471,11,,,0,10,,28481,11,,,0,10,,28489,11,,,0,50,,28499,11,,,0,10,,28509,11,,,0,10,,28518,11,,,0,10,,28528,11,,,0,10,,28538,11,,,0,10,,28548,11,,,0,50,,28558,11,,,0,10,,28567,11,,,0,10,,28453,11,,,0,10,,28462,11,,,0,10,,28472,11,,,0,10,,28482,11,,,0,50,,28490,11,,,0,10,,28500,11,,,0,10,,28510,11,,,0,10,,28519,11,,,0,10,,28529,11,,,0,10,,28539,11,,,0,50,,28549,11,,,0,10,,28559,11,,,0,10,,28568,11,,,0,10,,28452,11,,,0,10,,28463,11,,,0,10,,28475,11,,,0,50,,28483,11,,,0,10,,28491,11,,,0,10,,28501,11,,,0,10,,28511,11,,,0,10,,28521,11,,,0,10,,28530,11,,,0,50,,28540,11,,,0,15,,28551,11,,,0,15,,28560,11,,,0,7,,28569,11,,,0,8,,28454,11,,,0,55,,28464,11,,,0,15,,28473,11,,,0,15,,28492,11,,,0,15,,28502,11,,,0,55,,28520,11,,,0,15,,28531,11,,,0,15,,28541,11,,,0,15,,28550,11,,,0,55,,28561,11,,,0,15,,28455,11,,,0,15,,28465,11,,,0,15,,28474,11,,,0,55,,28493,11,,,0
20200,'Saturday-00',528,,22676,9,,,0,10,,22686,9,,,0,10,,22698,9,,,0,10,,22708,9,,,0,50,,22721,9,,,0,10,,22733,9,,,0,10,,22743,9,,,0,10,,22755,9,,,0,10,,22767,9,,,0,10,,22777,9,,,0,50,,22789,9,,,0,10,,22677,9,,,0,10,,22687,9,,,0,10,,22699,9,,,0,10,,22709,9,,,0,10,,22722,9,,,0,50,,22734,9,,,0,10,,22744,9,,,0,10,,22756,9,,,0,10,,22768,9,,,0,10,,22778,9,,,0,10,,22790,9,,,0,50,,22678,9,,,0,10,,22688,9,,,0,10,,22700,9,,,0,10,,22710,9,,,0,10,,22723,9,,,0,10,,22735,9,,,0,50,,22745,9,,,0,10,,22757,9,,,0,10,,22769,9,,,0,10,,22779,9,,,0,10,,22791,9,,,0,10,,22679,9,,,0,50,,22689,9,,,0,10,,22701,9,,,0,10,,22711,9,,,0,10,,22724,9,,,0,10,,22736,9,,,0,10,,22746,9,,,0,50,,22758,9,,,0,10,,22770,9,,,0,10,,22780,9,,,0,10,,22792,9,,,0,10,,22680,9,,,0,10,,22690,9,,,0,50,,22702,9,,,0,10,,22712,9,,,0,10,,22725,9,,,0,10,,22737,9,,,0,10,,22747,9,,,0,10,,22759,9,,,0,50,,22771,9,,,0,10,,22781,9,,,0,10,,22793,9,,,0,10,,22681,9,,,0,10,,22691,9,,,0,10,,22703,9,,,0,50,,22714,9,,,0,10,,22726,9,,,0,10,,22738,9,,,0,10,,22748,9,,,0,10,,22760,9,,,0,10,,22772,9,,,0,50,,22782,9,,,0,10,,22794,9,,,0,10,,22682,9,,,0,10,,22692,9,,,0,10,,22704,9,,,0,10,,22713,9,,,0,50,,22727,9,,,0,10,,22739,9,,,0,10,,22749,9,,,0,10,,22761,9,,,0,10,,22773,9,,,0,10,,22783,9,,,0,50,,22795,9,,,0,10,,22683,9,,,0,10,,22693,9,,,0,10,,22705,9,,,0,10,,22715,9,,,0,10,,22728,9,,,0,50,,22740,9,,,0,10,,22750,9,,,0,10,,22762,9,,,0,10,,22774,9,,,0,10,,22785,9,,,0,10,,22796,9,,,0,50,,22684,9,,,0,10,,22694,9,,,0,10,,22706,9,,,0,10,,22716,9,,,0,10,,22729,9,,,0,10,,22741,9,,,0,50,,22751,9,,,0,10,,22763,9,,,0,10,,22775,9,,,0,10,,22784,9,,,0,10,,22797,9,,,0,10,,22685,9,,,0,48,,22695,9,,,0,15,,22717,9,,,0,15,,22730,9,,,0,15,,22752,9,,,0,55,,22764,9,,,0,15,,22786,9,,,0,15,,22798,9,,,0,15,,22696,9,,,0,55,,22718,9,,,0,15,,22731,9,,,0,15,,22753,9,,,0,15,,22765,9,,,0,55,,22787,9,,,0,15,,22799,9,,,0,15,,22697,9,,,0,15,,22719,9,,,0
20200,'Sunday-00',528,,22800,9,,,0,10,,22810,9,,,0,10,,22822,9,,,0,10,,22831,9,,,0,50,,22845,9,,,0,10,,22857,9,,,0,10,,22868,9,,,0,10,,22879,9,,,0,10,,22891,9,,,0,10,,22901,9,,,0,50,,22913,9,,,0,10,,22802,9,,,0,10,,22811,9,,,0,10,,22823,9,,,0,10,,22835,9,,,0,10,,22846,9,,,0,50,,22858,9,,,0,10,,22867,9,,,0,10,,22880,9,,,0,10,,22892,9,,,0,10,,22902,9,,,0,10,,22914,9,,,0,50,,22801,9,,,0,10,,22812,9,,,0,10,,22824,9,,,0,10,,22832,9,,,0,10,,22847,9,,,0,10,,22859,9,,,0,50,,22869,9,,,0,10,,22881,9,,,0,10,,22893,9,,,0,10,,22903,9,,,0,10,,22915,9,,,0,10,,22803,9,,,0,50,,22813,9,,,0,10,,22825,9,,,0,10,,22833,9,,,0,10,,22848,9,,,0,10,,22860,9,,,0,10,,22870,9,,,0,50,,22882,9,,,0,10,,22894,9,,,0,10,,22905,9,,,0,10,,22916,9,,,0,10,,22804,9,,,0,10,,22814,9,,,0,50,,22826,9,,,0,10,,22836,9,,,0,10,,22849,9,,,0,10,,22861,9,,,0,10,,22871,9,,,0,10,,22883,9,,,0,50,,22895,9,,,0,10,,22904,9,,,0,10,,22917,9,,,0,10,,22805,9,,,0,10,,22815,9,,,0,10,,22827,9,,,0,50,,22837,9,,,0,10,,22850,9,,,0,10,,22862,9,,,0,10,,22872,9,,,0,10,,22884,9,,,0,10,,22896,9,,,0,50,,22906,9,,,0,10,,22918,9,,,0,10,,22806,9,,,0,10,,22816,9,,,0,10,,22828,9,,,0,10,,22838,9,,,0,50,,22851,9,,,0,10,,22863,9,,,0,10,,22873,9,,,0,10,,22885,9,,,0,10,,22897,9,,,0,10,,22907,9,,,0,50,,22919,9,,,0,10,,22807,9,,,0,10,,22817,9,,,0,10,,22829,9,,,0,10,,22839,9,,,0,10,,22852,9,,,0,50,,22864,9,,,0,10,,22874,9,,,0,10,,22886,9,,,0,10,,22898,9,,,0,10,,22908,9,,,0,10,,22920,9,,,0,50,,22808,9,,,0,10,,22818,9,,,0,10,,22834,9,,,0,10,,22840,9,,,0,10,,22853,9,,,0,10,,22865,9,,,0,50,,22875,9,,,0,10,,22887,9,,,0,10,,22899,9,,,0,10,,22909,9,,,0,10,,22921,9,,,0,10,,22809,9,,,0,48,,22819,9,,,0,15,,22841,9,,,0,15,,22854,9,,,0,15,,22876,9,,,0,55,,22888,9,,,0,15,,22910,9,,,0,15,,22922,9,,,0,15,,22820,9,,,0,55,,22842,9,,,0,15,,22855,9,,,0,15,,22877,9,,,0,15,,22889,9,,,0,55,,22911,9,,,0,15,,22923,9,,,0,15,,22821,9,,,0,15,,22843,9,,,0
20200,'Weekday-00',448,,22924,9,,,0,52,,22925,9,,,0,9,,22926,9,,,0,11,,22927,9,,,0,10,,22928,9,,,0,10,,22929,9,,,0,10,,22930,9,,,0,50,,22931,9,,,0,9,,22932,9,,,0,10,,22933,9,,,0,5,,22934,9,,,0,5,,22935,9,,,0,5,,22936,9,,,0,5,,22937,9,,,0,5,,22938,9,,,0,5,,22939,9,,,0,5,,22940,9,,,0,5,,22941,9,,,0,45,,22942,9,,,0,5,,22943,9,,,0,5,,22944,9,,,0,5,,22946,9,,,0,5,,22947,9,,,0,5,,22948,9,,,0,5,,22945,9,,,0,5,,22949,9,,,0,5,,22951,9,,,0,5,,22952,9,,,0,5,,22953,9,,,0,5,,22950,9,,,0,45,,22954,9,,,0,5,,22955,9,,,0,5,,22957,9,,,0,5,,22958,9,,,0,5,,22959,9,,,0,5,,22956,9,,,0,5,,22960,9,,,0,5,,22961,9,,,0,5,,22964,9,,,0,5,,22965,9,,,0,5,,22962,9,,,0,46,,22963,9,,,0,5,,22966,9,,,0,5,,22967,9,,,0,5,,22968,9,,,0,5,,22969,9,,,0,5,,23080,9,,,0,5,,22970,9,,,0,5,,23081,9,,,0,5,,22971,9,,,0,5,,23078,9,,,0,5,,22972,9,,,0,50,,22973,9,,,0,10,,22974,9,,,0,10,,22975,9,,,0,10,,22976,9,,,0,6,,22977,9,,,0,10,,22978,9,,,0,10,,22979,9,,,0,50,,22980,9,,,0,10,,22981,9,,,0,10,,22982,9,,,0,10,,22983,9,,,0,10,,22984,9,,,0,10,,22985,9,,,0,50,,22986,9,,,0,10,,22987,9,,,0,10,,22988,9,,,0,10,,22989,9,,,0,10,,22990,9,,,0,10,,22991,9,,,0,50,,22992,9,,,0,10,,22993,9,,,0,10,,22994,9,,,0,10,,22995,9,,,0,10,,22996,9,,,0,10,,22997,9,,,0,50,,22998,9,,,0,10,,22999,9,,,0,12,,23000,9,,,0,8,,23001,9,,,0,13,,23002,9,,,0,10,,23003,9,,,0,50,,23004,9,,,0,5,,23005,9,,,0,5,,23006,9,,,0,5,,23007,9,,,0,5,,23008,9,,,0,5,,23009,9,,,0,5,,23010,9,,,0,4,,23011,9,,,0,6,,23012,9,,,0,5,,23013,9,,,0,5,,23014,9,,,0,45,,23015,9,,,0,5,,23016,9,,,0,5,,23017,9,,,0,5,,23018,9,,,0,5,,23019,9,,,0,5,,23020,9,,,0,5,,23022,9,,,0,5,,23023,9,,,0,5,,23024,9,,,0,5,,23021,9,,,0,5,,23026,9,,,0,5,,23027,9,,,0,45,,23028,9,,,0,5,,23025,9,,,0,5,,23029,9,,,0,5,,23030,9,,,0,5,,23032,9,,,0,5,,23033,9,,,0,5,,23034,9,,,0,5,,23031,9,,,0,4,,23035,9,,,0,5,,23036,9,,,0,5,,23039,9,,,0,5,,23040,9,,,0,44,,23037,9,,,0,5,,23038,9,,,0,5,,23041,9,,,0,5,,23042,9,,,0,5,,23077,9,,,0,5,,23043,9,,,0,4,,23079,9,,,0,4,,23073,9,,,0,3,,23044,9,,,0,4,,23074,9,,,0,5,,23045,9,,,0,5,,23075,9,,,0,5,,23046,9,,,0,45,,23076,9,,,0,5,,23047,9,,,0,10,,23048,9,,,0,10,,23049,9,,,0,10,,23050,9,,,0,10,,23051,9,,,0,10,,23052,9,,,0,50,,23053,9,,,0,10,,23054,9,,,0,10,,23055,9,,,0,10,,23056,9,,,0,10,,23057,9,,,0,10,,23058,9,,,0,49,,23059,9,,,0,12,,23088,9,,,0,14,,23089,9,,,0,8,,23087,9,,,0,8,,23090,9,,,0,54,,23091,9,,,0,15,,23092,9,,,0,15,,23093,9,,,0,15,,23095,9,,,0,55,,23096,9,,,0,15,,23097,9,,,0,15,,23094,9,,,0,15,,23098,9,,,0,55,,23099,9,,,0,15,,23100,9,,,0,15,,23101,9,,,0,15,,23102,9,,,0,55,,23103,9,,,0,15,,23104,9,,,0,15,,23105,9,,,0,20,,23060,9,,,0
20200,'LR3Sep30-Saturday-01',448,,23106,9,,,0,11,,23114,9,,,0,50,,23126,9,,,0,10,,23139,9,,,0,10,,23152,9,,,0,10,,23232,9,,,0,10,,23171,9,,,0,51,,23236,9,,,0,10,,23196,9,,,0,9,,23209,9,,,0,10,,23216,9,,,0,7,,23107,9,,,0,7,,23115,9,,,0,7,,23227,9,,,0,7,,23127,9,,,0,47,,23140,9,,,0,7,,23229,9,,,0,7,,23153,9,,,0,7,,23161,9,,,0,7,,23233,9,,,0,7,,23172,9,,,0,7,,23184,9,,,0,7,,23237,9,,,0,47,,23197,9,,,0,7,,23210,9,,,0,7,,23240,9,,,0,7,,23217,9,,,0,7,,23108,9,,,0,7,,23116,9,,,0,7,,23228,9,,,0,7,,23128,9,,,0,7,,23141,9,,,0,47,,23230,9,,,0,7,,23154,9,,,0,7,,23162,9,,,0,6,,23234,9,,,0,7,,23173,9,,,0,6,,23185,9,,,0,8,,23238,9,,,0,6,,23198,9,,,0,6,,23211,9,,,0,47,,23241,9,,,0,9,,23218,9,,,0,8,,23109,9,,,0,10,,23117,9,,,0,6,,23129,9,,,0,10,,23142,9,,,0,10,,23155,9,,,0,50,,23163,9,,,0,10,,23174,9,,,0,10,,23186,9,,,0,10,,23199,9,,,0,10,,23212,9,,,0,10,,23219,9,,,0,50,,23110,9,,,0,10,,23118,9,,,0,10,,23130,9,,,0,10,,23143,9,,,0,10,,23156,9,,,0,10,,23164,9,,,0,50,,23175,9,,,0,10,,23187,9,,,0,10,,23200,9,,,0,10,,23213,9,,,0,10,,23220,9,,,0,10,,23111,9,,,0,50,,23119,9,,,0,10,,23131,9,,,0,12,,23144,9,,,0,8,,23157,9,,,0,13,,23165,9,,,0,10,,23176,9,,,0,49,,23188,9,,,0,9,,23201,9,,,0,7,,23214,9,,,0,8,,23242,9,,,0,7,,23221,9,,,0,7,,23246,9,,,0,7,,23112,9,,,0,6,,23120,9,,,0,47,,23132,9,,,0,7,,23145,9,,,0,7,,23251,9,,,0,7,,23158,9,,,0,7,,23166,9,,,0,7,,23254,9,,,0,7,,23177,9,,,0,7,,23189,9,,,0,47,,23257,9,,,0,7,,23202,9,,,0,7,,23215,9,,,0,7,,23243,9,,,0,7,,23222,9,,,0,7,,23247,9,,,0,6,,23113,9,,,0,7,,23121,9,,,0,6,,23133,9,,,0,47,,23146,9,,,0,6,,23252,9,,,0,6,,23159,9,,,0,6,,23167,9,,,0,7,,23255,9,,,0,4,,23178,9,,,0,7,,23190,9,,,0,6,,23258,9,,,0,7,,23203,9,,,0,7,,23244,9,,,0,47,,23223,9,,,0,11,,23248,9,,,0,10,,23122,9,,,0,11,,23134,9,,,0,9,,23147,9,,,0,10,,23168,9,,,0,50,,23179,9,,,0,10,,23191,9,,,0,10,,23204,9,,,0,10,,23245,9,,,0,10,,23224,9,,,0,10,,23249,9,,,0,50,,23123,9,,,0,11,,23135,9,,,0,11,,23148,9,,,0,11,,23169,9,,,0,8,,23180,9,,,0,54,,23192,9,,,0,15,,23205,9,,,0,15,,23225,9,,,0,15,,23124,9,,,0,55,,23136,9,,,0,15,,23149,9,,,0,15,,23181,9,,,0,15,,23193,9,,,0,55,,23206,9,,,0,15,,23226,9,,,0,15,,23125,9,,,0,15,,23137,9,,,0,55,,23150,9,,,0,15,,23182,9,,,0,15,,23194,9,,,0,20,,23207,9,,,0
20200,'pT5Sep25-Weekday-01',448,,28578,9,,,0,52,,28579,9,,,0,9,,28580,9,,,0,11,,28581,9,,,0,10,,28582,9,,,0,10,,28583,9,,,0,10,,28584,9,,,0,50,,28586,9,,,0,9,,28587,9,,,0,10,,28588,9,,,0,5,,28585,9,,,0,5,,28589,9,,,0,5,,28590,9,,,0,5,,28591,9,,,0,5,,28592,9,,,0,5,,28593,9,,,0,5,,28594,9,,,0,5,,28595,9,,,0,45,,28596,9,,,0,5,,28597,9,,,0,5,,28598,9,,,0,5,,28600,9,,,0,5,,28601,9,,,0,5,,28602,9,,,0,5,,28599,9,,,0,5,,28603,9,,,0,5,,28605,9,,,0,5,,28606,9,,,0,5,,28607,9,,,0,5,,28604,9,,,0,45,,28608,9,,,0,5,,28609,9,,,0,5,,28612,9,,,0,5,,28613,9,,,0,5,,28610,9,,,0,5,,28611,9,,,0,5,,28614,9,,,0,5,,28615,9,,,0,5,,28618,9,,,0,5,,28619,9,,,0,5,,28616,9,,,0,46,,28617,9,,,0,5,,28620,9,,,0,5,,28621,9,,,0,5,,28622,9,,,0,5,,28623,9,,,0,5,,28734,9,,,0,5,,28624,9,,,0,5,,28735,9,,,0,5,,28625,9,,,0,5,,28732,9,,,0,5,,28626,9,,,0,50,,28627,9,,,0,10,,28628,9,,,0,10,,28629,9,,,0,10,,28630,9,,,0,6,,28631,9,,,0,10,,28632,9,,,0,10,,28633,9,,,0,50,,28634,9,,,0,10,,28636,9,,,0,10,,28637,9,,,0,10,,28638,9,,,0,10,,28635,9,,,0,10,,28639,9,,,0,50,,28640,9,,,0,10,,28641,9,,,0,10,,28642,9,,,0,10,,28643,9,,,0,10,,28644,9,,,0,10,,28645,9,,,0,50,,28646,9,,,0,10,,28647,9,,,0,10,,28648,9,,,0,10,,28649,9,,,0,10,,28650,9,,,0,10,,28651,9,,,0,50,,28652,9,,,0,10,,28653,9,,,0,12,,28654,9,,,0,8,,28655,9,,,0,13,,28656,9,,,0,10,,28657,9,,,0,50,,28658,9,,,0,5,,28659,9,,,0,5,,28660,9,,,0,5,,28661,9,,,0,5,,28662,9,,,0,5,,28664,9,,,0,5,,28665,9,,,0,4,,28666,9,,,0,6,,28663,9,,,0,5,,28667,9,,,0,5,,28668,9,,,0,45,,28669,9,,,0,5,,28670,9,,,0,5,,28671,9,,,0,5,,28672,9,,,0,5,,28673,9,,,0,5,,28674,9,,,0,5,,28676,9,,,0,5,,28677,9,,,0,5,,28678,9,,,0,5,,28675,9,,,0,5,,28680,9,,,0,5,,28682,9,,,0,45,,28683,9,,,0,5,,28679,9,,,0,5,,28684,9,,,0,5,,28681,9,,,0,5,,28686,9,,,0,5,,28687,9,,,0,5,,28688,9,,,0,5,,28685,9,,,0,4,,28689,9,,,0,5,,28690,9,,,0,5,,28693,9,,,0,5,,28694,9,,,0,44,,28691,9,,,0,5,,28692,9,,,0,5,,28695,9,,,0,5,,28696,9,,,0,5,,28731,9,,,0,5,,28697,9,,,0,4,,28733,9,,,0,4,,28727,9,,,0,3,,28698,9,,,0,4,,28728,9,,,0,5,,28699,9,,,0,5,,28729,9,,,0,5,,28701,9,,,0,45,,28730,9,,,0,5,,28702,9,,,0,10,,28703,9,,,0,10,,28700,9,,,0,10,,28704,9,,,0,10,,28705,9,,,0,10,,28706,9,,,0,50,,28707,9,,,0,10,,28708,9,,,0,10,,28709,9,,,0,10,,28710,9,,,0,10,,28711,9,,,0,10,,28712,9,,,0,49,,28713,9,,,0,12,,28742,9,,,0,14,,28743,9,,,0,8,,28741,9,,,0,8,,28744,9,,,0,54,,28745,9,,,0,15,,28746,9,,,0,15,,28747,9,,,0,15,,28749,9,,,0,55,,28750,9,,,0,15,,28751,9,,,0,15,,28748,9,,,0,15,,28752,9,,,0,55,,28753,9,,,0,15,,28755,9,,,0,15,,28756,9,,,0,15,,28757,9,,,0,55,,28754,9,,,0,15,,28758,9,,,0,15,,28759,9,,,0,20,,28714,9,,,0
20200,'pT6Oct03-Saturday-01',528,,30407,9,,,0,10,,30417,9,,,0,10,,30429,9,,,0,10,,30439,9,,,0,50,,30452,9,,,0,10,,30464,9,,,0,10,,30474,9,,,0,10,,30486,9,,,0,10,,30498,9,,,0,10,,30508,9,,,0,50,,30520,9,,,0,10,,30408,9,,,0,10,,30418,9,,,0,10,,30430,9,,,0,10,,30440,9,,,0,10,,30453,9,,,0,50,,30465,9,,,0,10,,30475,9,,,0,10,,30487,9,,,0,10,,30499,9,,,0,10,,30509,9,,,0,10,,30521,9,,,0,50,,30409,9,,,0,10,,30419,9,,,0,10,,30431,9,,,0,10,,30441,9,,,0,10,,30454,9,,,0,10,,30466,9,,,0,50,,30476,9,,,0,10,,30488,9,,,0,10,,30500,9,,,0,10,,30510,9,,,0,10,,30522,9,,,0,10,,30410,9,,,0,50,,30420,9,,,0,10,,30432,9,,,0,10,,30442,9,,,0,10,,30456,9,,,0,10,,30467,9,,,0,10,,30477,9,,,0,50,,30489,9,,,0,10,,30501,9,,,0,10,,30511,9,,,0,10,,30523,9,,,0,10,,30411,9,,,0,10,,30421,9,,,0,50,,30433,9,,,0,10,,30443,9,,,0,10,,30455,9,,,0,10,,30468,9,,,0,10,,30478,9,,,0,10,,30490,9,,,0,50,,30502,9,,,0,10,,30512,9,,,0,10,,30524,9,,,0,10,,30412,9,,,0,10,,30422,9,,,0,10,,30434,9,,,0,50,,30445,9,,,0,10,,30457,9,,,0,10,,30469,9,,,0,10,,30479,9,,,0,10,,30491,9,,,0,10,,30503,9,,,0,50,,30513,9,,,0,10,,30525,9,,,0,10,,30413,9,,,0,10,,30423,9,,,0,10,,30435,9,,,0,10,,30444,9,,,0,50,,30458,9,,,0,10,,30470,9,,,0,10,,30480,9,,,0,10,,30492,9,,,0,10,,30504,9,,,0,10,,30514,9,,,0,50,,30526,9,,,0,10,,30414,9,,,0,10,,30424,9,,,0,10,,30436,9,,,0,10,,30446,9,,,0,10,,30459,9,,,0,50,,30471,9,,,0,10,,30481,9,,,0,10,,30493,9,,,0,10,,30505,9,,,0,10,,30516,9,,,0,10,,30527,9,,,0,50,,30415,9,,,0,10,,30425,9,,,0,10,,30437,9,,,0,10,,30447,9,,,0,10,,30460,9,,,0,10,,30472,9,,,0,50,,30482,9,,,0,10,,30494,9,,,0,10,,30506,9,,,0,10,,30515,9,,,0,10,,30528,9,,,0,10,,30416,9,,,0,48,,30426,9,,,0,15,,30448,9,,,0,15,,30461,9,,,0,15,,30483,9,,,0,55,,30495,9,,,0,15,,30517,9,,,0,15,,30529,9,,,0,15,,30427,9,,,0,55,,30449,9,,,0,15,,30462,9,,,0,15,,30484,9,,,0,15,,30496,9,,,0,55,,30518,9,,,0,15,,30530,9,,,0,15,,30428,9,,,0,15,,30450,9,,,0
20200,'pT6Sep26-Saturday-01',528,,28760,9,0,34 8,0,10,,28770,9,0,34 8,0,10,,28782,9,0,34 8,0,10,,28791,9,0,34 8,0,50,,28803,9,0,34 8,0,10,,28814,9,0,34 8,0,10,,28823,9,0,34 8,0,10,,28835,9,0,34 8,0,10,,28846,9,0,34 8,0,10,,28854,9,0,34 8,0,50,,28865,9,0,34 8,0,10,,28761,9,0,34 8,0,10,,28772,9,0,34 8,0,10,,28784,9,0,34 8,0,10,,28792,9,0,34 8,0,10,,28804,9,0,34 8,0,50,,28815,9,0,34 8,0,10,,28824,9,0,34 8,0,10,,28834,9,0,34 8,0,10,,28845,9,0,34 8,0,10,,28855,9,0,34 8,0,10,,28866,9,0,34 8,0,50,,28762,9,0,34 8,0,10,,28771,9,0,34 8,0,10,,28783,9,0,34 8,0,10,,28793,9,0,34 8,0,10,,28805,9,0,34 8,0,10,,28816,9,0,34 8,0,50,,28825,9,0,34 8,0,10,,28836,9,0,34 8,0,10,,28847,9,0,34 8,0,10,,28856,9,0,34 8,0,10,,28867,9,0,34 8,0,10,,28763,9,0,34 8,0,50,,28773,9,0,34 8,0,10,,28785,9,0,34 8,0,10,,28794,9,0,34 8,0,10,,28806,9,0,34 8,0,10,,28817,9,0,34 8,0,10,,28826,9,0,34 8,0,50,,28837,9,0,34 8,0,10,,28848,9,0,34 8,0,10,,28857,9,0,34 8,0,10,,28868,9,0,34 8,0,10,,28764,9,0,34 8,0,10,,28774,9,0,34 8,0,50,,28786,9,0,34 8,0,10,,28795,9,0,34 8,0,10,,28807,9,0,34 8,0,10,,28818,9,0,34 8,0,10,,28827,9,0,34 8,0,10,,28838,9,0,34 8,0,50,,28849,9,0,34 8,0,10,,28858,9,0,34 8,0,10,,28869,9,0,34 8,0,10,,28765,9,0,34 8,0,10,,28775,9,0,34 8,0,10,,28787,9,0,34 8,0,50,,28797,9,0,34 8,0,10,,28808,9,0,34 8,0,10,,28819,9,0,34 8,0,10,,28829,9,0,34 8,0,10,,28839,9,0,34 8,0,10,,28850,9,0,34 8,0,50,,28859,9,0,34 8,0,10,,28870,9,0,34 8,0,10,,28766,9,0,34 8,0,10,,28776,9,0,34 8,0,10,,28788,9,0,34 8,0,10,,28796,9,0,34 8,0,50,,28809,9,0,34 8,0,10,,28820,9,0,34 8,0,10,,28830,9,0,34 8,0,10,,28840,9,0,34 8,0,10,,28851,9,0,34 8,0,10,,28860,9,0,34 8,0,50,,28871,9,0,34 8,0,10,,28767,9,0,34 8,0,10,,28777,9,0,34 8,0,10,,28789,9,0,34 8,0,10,,28798,9,0,34 8,0,10,,28811,9,0,34 8,0,50,,28821,9,0,34 8,0,10,,28828,9,0,34 8,0,10,,28841,9,0,34 8,0,10,,28852,9,0,34 8,0,10,,28862,9,0,34 8,0,10,,28872,9,0,34 8,0,50,,28768,9,0,34 8,0,10,,28778,9,0,34 8,0,10,,28790,9,0,34 8,0,10,,28799,9,0,34 8,0,10,,28810,9,0,34 8,0,10,,28822,9,0,34 8,0,50,,28831,9,0,34 8,0,10,,28842,9,0,34 8,0,10,,28853,9,0,34 8,0,10,,28861,9,0,34 8,0,10,,28873,9,0,34 8,0,10,,28769,9,0,34 8,0,50,,28779,9,0,34 8,0,10,,28800,9,0,34 8,0,10,,28812,9,0,34 8,0,10,,28832,9,0,34 8,0,10,,28843,9,0,34 8,0,10,,28863,9,0,34 8,0,50,,28874,9,0,34 8,0,10,,28780,9,0,34 8,0,10,,28801,9,0,34 8,0,10,,28813,9,0,34 8,0,10,,28833,9,0,34 8,0,10,,28844,9,0,34 8,0,50,,28864,9,0,34 8,0,10,,28875,9,0,34 8,0,10,,28781,9,0,34 8,0,10,,28877,9,0,34 8,0,10,,28883,9,0,34 8,0,10,,28876,9,0,34 8,0,50,,28881,9,0,34 8,0,10,,28879,9,0,34 8,0,10,,28882,9,0,34 8,0,10,,28878,9,0,34 8,0,10,,28802,9,0,34 8,0,10,,28880,9,0,34 8,0
20200,'pT7Oct04-Sunday-01',528,,30531,9,,,0,10,,30541,9,,,0,10,,30553,9,,,0,10,,30562,9,,,0,50,,30576,9,,,0,10,,30588,9,,,0,10,,30599,9,,,0,10,,30610,9,,,0,10,,30622,9,,,0,10,,30632,9,,,0,50,,30644,9,,,0,10,,30533,9,,,0,10,,30542,9,,,0,10,,30554,9,,,0,10,,30566,9,,,0,10,,30577,9,,,0,50,,30589,9,,,0,10,,30598,9,,,0,10,,30611,9,,,0,10,,30623,9,,,0,10,,30633,9,,,0,10,,30645,9,,,0,50,,30532,9,,,0,10,,30543,9,,,0,10,,30555,9,,,0,10,,30563,9,,,0,10,,30578,9,,,0,10,,30590,9,,,0,50,,30600,9,,,0,10,,30612,9,,,0,10,,30624,9,,,0,10,,30634,9,,,0,10,,30646,9,,,0,10,,30534,9,,,0,50,,30544,9,,,0,10,,30556,9,,,0,10,,30564,9,,,0,10,,30580,9,,,0,10,,30591,9,,,0,10,,30601,9,,,0,50,,30613,9,,,0,10,,30625,9,,,0,10,,30636,9,,,0,10,,30647,9,,,0,10,,30535,9,,,0,10,,30545,9,,,0,50,,30558,9,,,0,10,,30567,9,,,0,10,,30579,9,,,0,10,,30592,9,,,0,10,,30602,9,,,0,10,,30615,9,,,0,50,,30626,9,,,0,10,,30635,9,,,0,10,,30648,9,,,0,10,,30536,9,,,0,10,,30546,9,,,0,10,,30557,9,,,0,50,,30568,9,,,0,10,,30581,9,,,0,10,,30593,9,,,0,10,,30603,9,,,0,10,,30614,9,,,0,10,,30627,9,,,0,50,,30637,9,,,0,10,,30650,9,,,0,10,,30537,9,,,0,10,,30547,9,,,0,10,,30559,9,,,0,10,,30569,9,,,0,50,,30582,9,,,0,10,,30594,9,,,0,10,,30604,9,,,0,10,,30616,9,,,0,10,,30628,9,,,0,10,,30638,9,,,0,50,,30649,9,,,0,10,,30538,9,,,0,10,,30548,9,,,0,10,,30560,9,,,0,10,,30570,9,,,0,10,,30583,9,,,0,50,,30595,9,,,0,10,,30605,9,,,0,10,,30617,9,,,0,10,,30629,9,,,0,10,,30639,9,,,0,10,,30651,9,,,0,50,,30539,9,,,0,10,,30549,9,,,0,10,,30565,9,,,0,10,,30571,9,,,0,10,,30584,9,,,0,10,,30596,9,,,0,50,,30606,9,,,0,10,,30618,9,,,0,10,,30630,9,,,0,10,,30640,9,,,0,10,,30652,9,,,0,10,,30540,9,,,0,48,,30550,9,,,0,15,,30572,9,,,0,15,,30585,9,,,0,15,,30607,9,,,0,55,,30619,9,,,0,15,,30641,9,,,0,15,,30653,9,,,0,15,,30551,9,,,0,55,,30573,9,,,0,15,,30586,9,,,0,15,,30608,9,,,0,15,,30620,9,,,0,55,,30642,9,,,0,15,,30654,9,,,0,15,,30552,9,,,0,15,,30574,9,,,0
20200,'pT7Sep27-Sunday-01',528,,28959,9,0,34 8,0,10,,28976,9,0,34 8,0,10,,28993,9,0,34 8,0,10,,29010,9,0,34 8,0,50,,29027,9,0,34 8,0,10,,29043,9,0,34 8,0,10,,29059,9,0,34 8,0,10,,29075,9,0,34 8,0,10,,28960,9,0,34 8,0,10,,28977,9,0,34 8,0,50,,28994,9,0,34 8,0,10,,29011,9,0,34 8,0,10,,29028,9,0,34 8,0,10,,29044,9,0,34 8,0,10,,29060,9,0,34 8,0,10,,29076,9,0,34 8,0,50,,28961,9,0,34 8,0,10,,28978,9,0,34 8,0,10,,28995,9,0,34 8,0,10,,29012,9,0,34 8,0,10,,29029,9,0,34 8,0,10,,29045,9,0,34 8,0,50,,29061,9,0,34 8,0,10,,29077,9,0,34 8,0,10,,28962,9,0,34 8,0,10,,28979,9,0,34 8,0,10,,28996,9,0,34 8,0,10,,29013,9,0,34 8,0,50,,29030,9,0,34 8,0,10,,29046,9,0,34 8,0,10,,29062,9,0,34 8,0,10,,29078,9,0,34 8,0,10,,28963,9,0,34 8,0,10,,28980,9,0,34 8,0,50,,28997,9,0,34 8,0,10,,29014,9,0,34 8,0,10,,29031,9,0,34 8,0,10,,29047,9,0,34 8,0,10,,29063,9,0,34 8,0,10,,29079,9,0,34 8,0,50,,28964,9,0,34 8,0,10,,28981,9,0,34 8,0,10,,28998,9,0,34 8,0,10,,29015,9,0,34 8,0,10,,29032,9,0,34 8,0,10,,29048,9,0,34 8,0,50,,29065,9,0,34 8,0,10,,29080,9,0,34 8,0,10,,28965,9,0,34 8,0,10,,28982,9,0,34 8,0,10,,28999,9,0,34 8,0,10,,29016,9,0,34 8,0,50,,29033,9,0,34 8,0,10,,29049,9,0,34 8,0,10,,29064,9,0,34 8,0,10,,29081,9,0,34 8,0,10,,28966,9,0,34 8,0,10,,28983,9,0,34 8,0,50,,29000,9,0,34 8,0,10,,29017,9,0,34 8,0,10,,29034,9,0,34 8,0,10,,29050,9,0,34 8,0,10,,29066,9,0,34 8,0,10,,29082,9,0,34 8,0,50,,28967,9,0,34 8,0,10,,28984,9,0,34 8,0,10,,29001,9,0,34 8,0,10,,29018,9,0,34 8,0,10,,29035,9,0,34 8,0,10,,29051,9,0,34 8,0,50,,29067,9,0,34 8,0,10,,29083,9,0,34 8,0,10,,28968,9,0,34 8,0,10,,28985,9,0,34 8,0,10,,29002,9,0,34 8,0,10,,29019,9,0,34 8,0,50,,29036,9,0,34 8,0,10,,29052,9,0,34 8,0,10,,29068,9,0,34 8,0,10,,29084,9,0,34 8,0,10,,28969,9,0,34 8,0,10,,28986,9,0,34 8,0,50,,29003,9,0,34 8,0,10,,29020,9,0,34 8,0,10,,29037,9,0,34 8,0,10,,29053,9,0,34 8,0,10,,29069,9,0,34 8,0,10,,29085,9,0,34 8,0,50,,28970,9,0,34 8,0,10,,28987,9,0,34 8,0,10,,29004,9,0,34 8,0,10,,29021,9,0,34 8,0,10,,29038,9,0,34 8,0,10,,29054,9,0,34 8,0,50,,29070,9,0,34 8,0,10,,29086,9,0,34 8,0,10,,28971,9,0,34 8,0,10,,28988,9,0,34 8,0,10,,29005,9,0,34 8,0,10,,29022,9,0,34 8,0,50,,29039,9,0,34 8,0,10,,29055,9,0,34 8,0,10,,29071,9,0,34 8,0,10,,29088,9,0,34 8,0,10,,28972,9,0,34 8,0,10,,28989,9,0,34 8,0,50,,29006,9,0,34 8,0,10,,29023,9,0,34 8,0,10,,29040,9,0,34 8,0,10,,29056,9,0,34 8,0,10,,29072,9,0,34 8,0,10,,29087,9,0,34 8,0,50,,28973,9,0,34 8,0,10,,28990,9,0,34 8,0,10,,29007,9,0,34 8,0,10,,29024,9,0,34 8,0,10,,29041,9,0,34 8,0,10,,29057,9,0,34 8,0,50,,29073,9,0,34 8,0,10,,29089,9,0,34 8,0,10,,28974,9,0,34 8,0,10,,28991,9,0,34 8,0,10,,29008,9,0,34 8,0,10,,29025,9,0,34 8,0
