20101,'Saturday-00',520,,21492,10,,,0,10,,21502,10,,,0,10,,21511,10,,,0,10,,21522,10,,,0,50,,21530,10,,,0,10,,21540,10,,,0,10,,21550,10,,,0,10,,21559,10,,,0,10,,21569,10,,,0,10,,21579,10,,,0,50,,21589,10,,,0,10,,21599,10,,,0,10,,21608,10,,,0,10,,21493,10,,,0,10,,21503,10,,,0,10,,21512,10,,,0,50,,21523,10,,,0,10,,21531,10,,,0,10,,21541,10,,,0,10,,21551,10,,,0,10,,21560,10,,,0,10,,21570,10,,,0,50,,21580,10,,,0,10,,21590,10,,,0,10,,21600,10,,,0,10,,21609,10,,,0,10,,21494,10,,,0,10,,21504,10,,,0,50,,21513,10,,,0,10,,21524,10,,,0,10,,21532,10,,,0,10,,21542,10,,,0,10,,21552,10,,,0,10,,21561,10,,,0,50,,21571,10,,,0,10,,21581,10,,,0,10,,21591,10,,,0,10,,21601,10,,,0,10,,21610,10,,,0,10,,21495,10,,,0,50,,21505,10,,,0,10,,21514,10,,,0,10,,21525,10,,,0,10,,21533,10,,,0,10,,21543,10,,,0,10,,21553,10,,,0,50,,21562,10,,,0,10,,21572,10,,,0,10,,21582,10,,,0,10,,21592,10,,,0,10,,21602,10,,,0,10,,21611,10,,,0,50,,21496,10,,,0,10,,21506,10,,,0,10,,21516,10,,,0,10,,21526,10,,,0,10,,21534,10,,,0,10,,21544,10,,,0,50,,21554,10,,,0,10,,21563,10,,,0,10,,21573,10,,,0,10,,21583,10,,,0,10,,21593,10,,,0,10,,21603,10,,,0,50,,21612,10,,,0,10,,21497,10,,,0,10,,21507,10,,,0,10,,21517,10,,,0,10,,21527,10,,,0,10,,21535,10,,,0,50,,21545,10,,,0,10,,21555,10,,,0,10,,21564,10,,,0,10,,21574,10,,,0,10,,21584,10,,,0,10,,21594,10,,,0,50,,21604,10,,,0,10,,21613,10,,,0,10,,21498,10,,,0,10,,21508,10,,,0,10,,21518,10,,,0,10,,21528,10,,,0,50,,21536,10,,,0,10,,21546,10,,,0,10,,21556,10,,,0,10,,21565,10,,,0,10,,21575,10,,,0,10,,21586,10,,,0,50,,21595,10,,,0,10,,21605,10,,,0,10,,21614,10,,,0,10,,21499,10,,,0,10,,21515,10,,,0,10,,21519,10,,,0,50,,21529,10,,,0,10,,21537,10,,,0,10,,21547,10,,,0,10,,21557,10,,,0,10,,21566,10,,,0,10,,21576,10,,,0,50,,21585,10,,,0,15,,21596,10,,,0,15,,21606,10,,,0,7,,21615,10,,,0,8,,21500,10,,,0,55,,21509,10,,,0,15,,21520,10,,,0,15,,21538,10,,,0,15,,21548,10,,,0,55,,21567,10,,,0,15,,21577,10,,,0,15,,21587,10,,,0,15,,21597,10,,,0,55,,21607,10,,,0,15,,21501,10,,,0,15,,21510,10,,,0,15,,21521,10,,,0,55,,21539,10,,,0
20101,'Sunday-00',520,,21616,10,,,0,10,,21626,10,,,0,10,,21636,10,,,0,10,,21646,10,,,0,50,,21654,10,,,0,10,,21664,10,,,0,10,,21674,10,,,0,10,,21683,10,,,0,10,,21693,10,,,0,10,,21703,10,,,0,50,,21713,10,,,0,10,,21723,10,,,0,10,,21732,10,,,0,10,,21617,10,,,0,10,,21627,10,,,0,10,,21637,10,,,0,50,,21647,10,,,0,10,,21656,10,,,0,10,,21665,10,,,0,10,,21675,10,,,0,10,,21684,10,,,0,10,,21694,10,,,0,50,,21704,10,,,0,10,,21714,10,,,0,10,,21724,10,,,0,10,,21733,10,,,0,10,,21618,10,,,0,10,,21628,10,,,0,50,,21638,10,,,0,10,,21648,10,,,0,10,,21655,10,,,0,10,,21666,10,,,0,10,,21676,10,,,0,10,,21685,10,,,0,50,,21695,10,,,0,10,,21706,10,,,0,10,,21715,10,,,0,10,,21725,10,,,0,10,,21734,10,,,0,10,,21619,10,,,0,50,,21629,10,,,0,10,,21639,10,,,0,10,,21649,10,,,0,10,,21657,10,,,0,10,,21667,10,,,0,10,,21677,10,,,0,50,,21686,10,,,0,10,,21696,10,,,0,10,,21705,10,,,0,10,,21716,10,,,0,10,,21726,10,,,0,10,,21735,10,,,0,50,,21620,10,,,0,10,,21630,10,,,0,10,,21640,10,,,0,10,,21650,10,,,0,10,,21658,10,,,0,10,,21668,10,,,0,50,,21678,10,,,0,10,,21687,10,,,0,10,,21697,10,,,0,10,,21707,10,,,0,10,,21717,10,,,0,10,,21727,10,,,0,50,,21736,10,,,0,10,,21621,10,,,0,10,,21631,10,,,0,10,,21641,10,,,0,10,,21651,10,,,0,10,,21659,10,,,0,50,,21669,10,,,0,10,,21679,10,,,0,10,,21688,10,,,0,10,,21698,10,,,0,10,,21708,10,,,0,10,,21718,10,,,0,50,,21728,10,,,0,10,,21737,10,,,0,10,,21623,10,,,0,10,,21632,10,,,0,10,,21642,10,,,0,10,,21652,10,,,0,50,,21660,10,,,0,10,,21670,10,,,0,10,,21680,10,,,0,10,,21689,10,,,0,10,,21699,10,,,0,10,,21709,10,,,0,50,,21719,10,,,0,10,,21729,10,,,0,10,,21738,10,,,0,10,,21622,10,,,0,10,,21633,10,,,0,10,,21643,10,,,0,50,,21653,10,,,0,10,,21661,10,,,0,10,,21671,10,,,0,10,,21681,10,,,0,10,,21691,10,,,0,10,,21700,10,,,0,50,,21710,10,,,0,15,,21720,10,,,0,15,,21730,10,,,0,7,,21739,10,,,0,8,,21624,10,,,0,55,,21634,10,,,0,15,,21644,10,,,0,15,,21662,10,,,0,15,,21672,10,,,0,55,,21690,10,,,0,15,,21701,10,,,0,15,,21711,10,,,0,15,,21721,10,,,0,55,,21731,10,,,0,15,,21625,10,,,0,15,,21635,10,,,0,15,,21645,10,,,0,55,,21663,10,,,0
20101,'Weekday-00',456,,21740,10,,,0,48,,21741,10,,,0,17,,21904,10,,,0,5,,21743,10,,,0,10,,21744,10,,,0,10,,21745,10,,,0,5,,21882,10,,,0,5,,21742,10,,,0,45,,21883,10,,,0,4,,21746,10,,,0,5,,21747,10,,,0,5,,21908,10,,,0,5,,21750,10,,,0,5,,21906,10,,,0,5,,21751,10,,,0,5,,21748,10,,,0,5,,21749,10,,,0,5,,21752,10,,,0,5,,21753,10,,,0,5,,21754,10,,,0,45,,21755,10,,,0,5,,21756,10,,,0,5,,21757,10,,,0,5,,21758,10,,,0,5,,21759,10,,,0,5,,21760,10,,,0,5,,21761,10,,,0,4,,21762,10,,,0,6,,21763,10,,,0,5,,21764,10,,,0,5,,21765,10,,,0,5,,21766,10,,,0,45,,21767,10,,,0,5,,21768,10,,,0,5,,21770,10,,,0,5,,21771,10,,,0,5,,21772,10,,,0,5,,21769,10,,,0,5,,21773,10,,,0,5,,21774,10,,,0,5,,21775,10,,,0,5,,21776,10,,,0,5,,21777,10,,,0,6,,21778,10,,,0,46,,21779,10,,,0,5,,21780,10,,,0,5,,21781,10,,,0,5,,21782,10,,,0,5,,21783,10,,,0,5,,21784,10,,,0,5,,21914,10,,,0,5,,21785,10,,,0,4,,21913,10,,,0,5,,21786,10,,,0,5,,21915,10,,,0,6,,21787,10,,,0,45,,21916,10,,,0,5,,21788,10,,,0,10,,21789,10,,,0,10,,21791,10,,,0,10,,21792,10,,,0,10,,21793,10,,,0,10,,21790,10,,,0,50,,21794,10,,,0,10,,21795,10,,,0,10,,21796,10,,,0,10,,21797,10,,,0,10,,21798,10,,,0,10,,21799,10,,,0,46,,21800,10,,,0,14,,21801,10,,,0,10,,21802,10,,,0,10,,21803,10,,,0,10,,21804,10,,,0,10,,21805,10,,,0,50,,21807,10,,,0,10,,21808,10,,,0,10,,21809,10,,,0,10,,21806,10,,,0,10,,21810,10,,,0,10,,21811,10,,,0,50,,21812,10,,,0,10,,21813,10,,,0,8,,21814,10,,,0,12,,21815,10,,,0,8,,21816,10,,,0,10,,21818,10,,,0,50,,21819,10,,,0,5,,21907,10,,,0,5,,21820,10,,,0,5,,21817,10,,,0,5,,21821,10,,,0,5,,21822,10,,,0,5,,21825,10,,,0,4,,21826,10,,,0,4,,21922,10,,,0,2,,21823,10,,,0,5,,21824,10,,,0,5,,21827,10,,,0,45,,21828,10,,,0,5,,21829,10,,,0,5,,21830,10,,,0,5,,21831,10,,,0,5,,21832,10,,,0,5,,21833,10,,,0,5,,21834,10,,,0,4,,21835,10,,,0,6,,21836,10,,,0,5,,21837,10,,,0,5,,21838,10,,,0,5,,21839,10,,,0,45,,21840,10,,,0,5,,21841,10,,,0,5,,21842,10,,,0,5,,21843,10,,,0,5,,21844,10,,,0,5,,21845,10,,,0,5,,21846,10,,,0,5,,21847,10,,,0,4,,21848,10,,,0,5,,21849,10,,,0,5,,21850,10,,,0,5,,21923,10,,,0,5,,21851,10,,,0,44,,21852,10,,,0,5,,21853,10,,,0,5,,21854,10,,,0,5,,21855,10,,,0,5,,21856,10,,,0,4,,21857,10,,,0,4,,21920,10,,,0,11,,21858,10,,,0,6,,21859,10,,,0,10,,21860,10,,,0,45,,21921,10,,,0,5,,21861,10,,,0,5,,21881,10,,,0,5,,21862,10,,,0,12,,21863,10,,,0,8,,21864,10,,,0,10,,21866,10,,,0,10,,21867,10,,,0,50,,21868,10,,,0,10,,21865,10,,,0,10,,21869,10,,,0,10,,21870,10,,,0,10,,21871,10,,,0,10,,21872,10,,,0,50,,21873,10,,,0,11,,21874,10,,,0,14,,21885,10,,,0,8,,21902,10,,,0,8,,21884,10,,,0,7,,21903,10,,,0,47,,21886,10,,,0,15,,21887,10,,,0,15,,21888,10,,,0,15,,21889,10,,,0,55,,21890,10,,,0,15,,21891,10,,,0,15,,21892,10,,,0,15,,21893,10,,,0,55,,21894,10,,,0,15,,21895,10,,,0,15,,21896,10,,,0,15,,21897,10,,,0,55,,21898,10,,,0,15,,21899,10,,,0,15,,21900,10,,,0,15,,21901,10,,,0,55,,21880,10,,,0
20101,'LR3Sep30-Saturday-01',456,,21939,10,,,0,50,,21947,10,,,0,10,,21967,10,,,0,10,,22074,10,,,0,10,,22077,10,,,0,7,,21986,10,,,0,7,,21994,10,,,0,6,,22005,10,,,0,47,,22014,10,,,0,8,,22080,10,,,0,8,,22024,10,,,0,6,,22033,10,,,0,7,,22043,10,,,0,7,,22082,10,,,0,7,,22053,10,,,0,7,,22063,10,,,0,47,,22072,10,,,0,7,,21940,10,,,0,7,,21948,10,,,0,7,,21958,10,,,0,7,,21968,10,,,0,7,,22075,10,,,0,7,,21976,10,,,0,7,,22078,10,,,0,7,,21987,10,,,0,47,,21995,10,,,0,7,,22006,10,,,0,7,,22015,10,,,0,7,,22081,10,,,0,7,,22025,10,,,0,7,,22034,10,,,0,7,,22044,10,,,0,7,,22083,10,,,0,7,,22054,10,,,0,47,,22064,10,,,0,7,,22073,10,,,0,6,,21941,10,,,0,7,,21949,10,,,0,11,,21959,10,,,0,9,,21969,10,,,0,5,,22076,10,,,0,6,,21977,10,,,0,47,,22079,10,,,0,4,,21988,10,,,0,9,,21996,10,,,0,9,,22007,10,,,0,11,,22016,10,,,0,10,,22026,10,,,0,10,,22035,10,,,0,50,,22045,10,,,0,10,,22055,10,,,0,10,,22065,10,,,0,10,,21942,10,,,0,10,,21950,10,,,0,10,,21960,10,,,0,50,,21970,10,,,0,10,,21978,10,,,0,10,,21989,10,,,0,10,,21997,10,,,0,10,,22008,10,,,0,10,,22017,10,,,0,50,,22027,10,,,0,10,,22036,10,,,0,10,,22046,10,,,0,10,,22056,10,,,0,10,,22066,10,,,0,10,,21943,10,,,0,50,,21951,10,,,0,10,,21961,10,,,0,8,,21971,10,,,0,12,,21979,10,,,0,8,,21990,10,,,0,6,,21998,10,,,0,8,,22009,10,,,0,49,,22084,10,,,0,9,,22018,10,,,0,7,,22028,10,,,0,4,,22086,10,,,0,6,,22037,10,,,0,6,,22047,10,,,0,6,,22089,10,,,0,7,,22057,10,,,0,6,,22067,10,,,0,47,,22091,10,,,0,7,,21944,10,,,0,7,,21952,10,,,0,7,,22093,10,,,0,7,,21962,10,,,0,7,,21972,10,,,0,7,,22095,10,,,0,7,,21980,10,,,0,47,,21991,10,,,0,7,,21999,10,,,0,7,,22010,10,,,0,7,,22085,10,,,0,7,,22019,10,,,0,7,,22029,10,,,0,7,,22087,10,,,0,7,,22038,10,,,0,6,,22048,10,,,0,47,,22090,10,,,0,7,,22058,10,,,0,7,,22068,10,,,0,6,,22092,10,,,0,5,,21945,10,,,0,5,,21953,10,,,0,6,,22094,10,,,0,6,,21963,10,,,0,7,,21973,10,,,0,47,,22096,10,,,0,7,,21981,10,,,0,7,,21992,10,,,0,7,,22000,10,,,0,8,,22011,10,,,0,6,,22020,10,,,0,6,,22030,10,,,0,8,,22088,10,,,0,9,,22039,10,,,0,50,,22049,10,,,0,10,,22059,10,,,0,10,,22069,10,,,0,10,,21946,10,,,0,10,,21954,10,,,0,10,,21964,10,,,0,50,,21974,10,,,0,11,,21982,10,,,0,14,,22001,10,,,0,8,,22012,10,,,0,8,,22021,10,,,0,7,,22031,10,,,0,47,,22040,10,,,0,15,,22050,10,,,0,15,,22060,10,,,0,15,,22070,10,,,0,55,,21955,10,,,0,15,,21965,10,,,0,15,,21983,10,,,0,15,,22002,10,,,0,55,,22022,10,,,0,15,,22041,10,,,0,15,,22051,10,,,0,15,,22061,10,,,0,55,,22071,10,,,0,15,,21956,10,,,0,15,,21966,10,,,0,15,,21984,10,,,0,55,,22003,10,,,0
20101,'pT1Oct12-Sunday-01',525,,31578,10,0,17 8,0,15,,31591,10,0,17 8,0,15,,31604,10,0,17 8,0,55,,31617,10,0,17 8,0,15,,31630,10,0,17 8,0,15,,31643,10,0,17 8,0,15,,31656,10,0,17 8,0,55,,31579,10,0,17 8,0,15,,31592,10,0,17 8,0,15,,31605,10,0,17 8,0,15,,31618,10,0,17 8,0,55,,31631,10,0,17 8,0,15,,31644,10,0,17 8,0,15,,31657,10,0,17 8,0,15,,31580,10,0,17 8,0,55,,31593,10,0,17 8,0,15,,31606,10,0,17 8,0,15,,31619,10,0,17 8,0,15,,31632,10,0,17 8,0,55,,31646,10,0,17 8,0,15,,31658,10,0,17 8,0,15,,31581,10,0,17 8,0,15,,31594,10,0,17 8,0,55,,31607,10,0,17 8,0,15,,31620,10,0,17 8,0,15,,31633,10,0,17 8,0,15,,31645,10,0,17 8,0,55,,31659,10,0,17 8,0,15,,31582,10,0,17 8,0,15,,31595,10,0,17 8,0,15,,31608,10,0,17 8,0,55,,31621,10,0,17 8,0,15,,31634,10,0,17 8,0,15,,31647,10,0,17 8,0,15,,31660,10,0,17 8,0,55,,31583,10,0,17 8,0,15,,31597,10,0,17 8,0,15,,31609,10,0,17 8,0,15,,31622,10,0,17 8,0,55,,31635,10,0,17 8,0,15,,31648,10,0,17 8,0,15,,31661,10,0,17 8,0,15,,31584,10,0,17 8,0,55,,31598,10,0,17 8,0,15,,31610,10,0,17 8,0,15,,31623,10,0,17 8,0,15,,31636,10,0,17 8,0,55,,31649,10,0,17 8,0,15,,31662,10,0,17 8,0,15,,31585,10,0,17 8,0,15,,31599,10,0,17 8,0,55,,31611,10,0,17 8,0,15,,31624,10,0,17 8,0,15,,31637,10,0,17 8,0,15,,31650,10,0,17 8,0,55,,31663,10,0,17 8,0,15,,31586,10,0,17 8,0,15,,31596,10,0,17 8,0,15,,31612,10,0,17 8,0,55,,31625,10,0,17 8,0,15,,31638,10,0,17 8,0,15,,31651,10,0,17 8,0,15,,31664,10,0,17 8,0,55,,31587,10,0,17 8,0,15,,31600,10,0,17 8,0,15,,31613,10,0,17 8,0,15,,31626,10,0,17 8,0,55,,31639,10,0,17 8,0,15,,31652,10,0,17 8,0,15,,31665,10,0,17 8,0,15,,31588,10,0,17 8,0,55,,31601,10,0,17 8,0,15,,31614,10,0,17 8,0,15,,31627,10,0,17 8,0,15,,31640,10,0,17 8,0,55,,31653,10,0,17 8,0,15,,31666,10,0,17 8,0,15,,31589,10,0,17 8,0,15,,31602,10,0,17 8,0,55,,31615,10,0,17 8,0,15,,31628,10,0,17 8,0,15,,31641,10,0,17 8,0,15,,31654,10,0,17 8,0
20101,'pT6Oct03-Saturday-01',444,,30232,4,,,0,15,,30059,4,,,0,55,,30231,4,,,0,15,,30134,4,,,0,15,,30140,4,,,0,15,,30076,4,,,0,55,,30082,4,,,0,15,,30088,4,,,0,15,,30093,4,,,0,15,,30098,4,,,0,55,,30103,4,,,0,15,,30108,4,,,0,15,,30114,4,,,0,15,,30119,4,,,0,55,,30124,4,,,0,15,,30129,4,,,0,15,,30135,4,,,0,15,,30141,4,,,0,55,,30077,4,,,0,15,,30083,4,,,0,15,,30089,4,,,0,15,,30094,4,,,0,55,,30099,4,,,0,15,,30105,4,,,0,15,,30109,4,,,0,15,,30115,4,,,0,55,,30120,4,,,0,15,,30125,4,,,0,15,,30130,4,,,0,15,,30136,4,,,0,55,,30142,4,,,0,15,,30078,4,,,0,15,,30084,4,,,0,15,,30091,4,,,0,55,,30095,4,,,0,15,,30102,4,,,0,15,,30104,4,,,0,15,,30110,4,,,0,55,,30116,4,,,0,15,,30121,4,,,0,15,,30126,4,,,0,15,,30131,4,,,0,55,,30137,4,,,0,15,,30143,4,,,0,15,,30079,4,,,0,15,,30085,4,,,0,55,,30090,4,,,0,15,,30096,4,,,0,15,,30101,4,,,0,15,,30106,4,,,0,55,,30111,4,,,0,15,,30117,4,,,0,15,,30122,4,,,0,15,,30127,4,,,0,55,,30132,4,,,0,15,,30138,4,,,0,15,,30144,4,,,0,15,,30080,4,,,0,55,,30086,4,,,0,15,,30092,4,,,0,15,,30097,4,,,0,15,,30100,4,,,0,55,,30107,4,,,0,15,,30112,4,,,0,15,,30118,4,,,0,15,,30123,4,,,0,55,,30128,4,,,0,15,,30133,4,,,0,15,,30139,4,,,0,15,,30145,4,,,0,55,,30081,4,,,0,15,,30087,4,,,0,15,,30113,4,,,0,15,,30061,4,,,0,55,,30064,4,,,0,15,,30065,4,,,0,15,,30067,4,,,0,15,,30069,4,,,0,55,,30072,4,,,0,15,,30073,4,,,0,15,,30074,4,,,0,15,,30075,4,,,0,55,,30060,4,,,0,15,,30062,4,,,0,15,,30063,4,,,0,15,,30066,4,,,0
20101,'pT6Oct10-Saturday-01',524,,31827,10,0,17 8,0,15,,31815,10,0,17 8,0,15,,31829,10,0,17 8,0,55,,31842,10,0,17 8,0,15,,31855,10,0,17 8,0,15,,31868,10,0,17 8,0,15,,31881,10,0,17 8,0,55,,31803,10,0,17 8,0,15,,31816,10,0,17 8,0,15,,31830,10,0,17 8,0,15,,31843,10,0,17 8,0,55,,31856,10,0,17 8,0,15,,31869,10,0,17 8,0,15,,31882,10,0,17 8,0,15,,31804,10,0,17 8,0,55,,31817,10,0,17 8,0,15,,31831,10,0,17 8,0,15,,31844,10,0,17 8,0,15,,31857,10,0,17 8,0,55,,31870,10,0,17 8,0,15,,31883,10,0,17 8,0,15,,31805,10,0,17 8,0,15,,31818,10,0,17 8,0,55,,31832,10,0,17 8,0,15,,31845,10,0,17 8,0,15,,31858,10,0,17 8,0,15,,31871,10,0,17 8,0,55,,31884,10,0,17 8,0,15,,31806,10,0,17 8,0,15,,31819,10,0,17 8,0,15,,31833,10,0,17 8,0,55,,31846,10,0,17 8,0,15,,31859,10,0,17 8,0,15,,31872,10,0,17 8,0,15,,31885,10,0,17 8,0,55,,31807,10,0,17 8,0,15,,31820,10,0,17 8,0,15,,31834,10,0,17 8,0,15,,31847,10,0,17 8,0,55,,31860,10,0,17 8,0,15,,31873,10,0,17 8,0,15,,31886,10,0,17 8,0,15,,31808,10,0,17 8,0,55,,31821,10,0,17 8,0,15,,31835,10,0,17 8,0,15,,31848,10,0,17 8,0,15,,31862,10,0,17 8,0,55,,31874,10,0,17 8,0,15,,31887,10,0,17 8,0,15,,31809,10,0,17 8,0,15,,31822,10,0,17 8,0,55,,31836,10,0,17 8,0,15,,31849,10,0,17 8,0,15,,31861,10,0,17 8,0,15,,31875,10,0,17 8,0,55,,31888,10,0,17 8,0,15,,31810,10,0,17 8,0,15,,31823,10,0,17 8,0,15,,31837,10,0,17 8,0,55,,31850,10,0,17 8,0,15,,31863,10,0,17 8,0,15,,31876,10,0,17 8,0,15,,31889,10,0,17 8,0,55,,31811,10,0,17 8,0,15,,31824,10,0,17 8,0,15,,31838,10,0,17 8,0,15,,31851,10,0,17 8,0,55,,31864,10,0,17 8,0,15,,31877,10,0,17 8,0,15,,31891,10,0,17 8,0,15,,31812,10,0,17 8,0,55,,31825,10,0,17 8,0,15,,31839,10,0,17 8,0,15,,31852,10,0,17 8,0,15,,31865,10,0,17 8,0,55,,31878,10,0,17 8,0,15,,31890,10,0,17 8,0,15,,31813,10,0,17 8,0,15,,31826,10,0,17 8,0,55,,31840,10,0,17 8,0,15,,31853,10,0,17 8,0,15,,31866,10,0,17 8,0,15,,31879,10,0,17 8,0
20101,'pT7Oct04-Sunday-01',444,,30233,4,,,0,15,,30246,4,,,0,55,,30259,4,,,0,15,,30271,4,,,0,15,,30284,4,,,0,15,,30297,4,,,0,55,,30310,4,,,0,15,,30234,4,,,0,15,,30247,4,,,0,15,,30260,4,,,0,55,,30272,4,,,0,15,,30285,4,,,0,15,,30298,4,,,0,15,,30311,4,,,0,55,,30235,4,,,0,15,,30248,4,,,0,15,,30261,4,,,0,15,,30273,4,,,0,55,,30286,4,,,0,15,,30299,4,,,0,15,,30312,4,,,0,15,,30236,4,,,0,55,,30249,4,,,0,15,,30262,4,,,0,15,,30274,4,,,0,15,,30287,4,,,0,55,,30300,4,,,0,15,,30313,4,,,0,15,,30237,4,,,0,15,,30250,4,,,0,55,,30263,4,,,0,15,,30275,4,,,0,15,,30288,4,,,0,15,,30301,4,,,0,55,,30314,4,,,0,15,,30238,4,,,0,15,,30251,4,,,0,15,,30264,4,,,0,55,,30276,4,,,0,15,,30289,4,,,0,15,,30302,4,,,0,15,,30315,4,,,0,55,,30239,4,,,0,15,,30252,4,,,0,15,,30265,4,,,0,15,,30277,4,,,0,55,,30290,4,,,0,15,,30303,4,,,0,15,,30316,4,,,0,15,,30240,4,,,0,55,,30253,4,,,0,15,,30266,4,,,0,15,,30278,4,,,0,15,,30291,4,,,0,55,,30304,4,,,0,15,,30317,4,,,0,15,,30241,4,,,0,15,,30254,4,,,0,55,,30267,4,,,0,15,,30279,4,,,0,15,,30292,4,,,0,15,,30305,4,,,0,55,,30318,4,,,0,15,,30243,4,,,0,15,,30255,4,,,0,15,,30268,4,,,0,55,,30280,4,,,0,15,,30293,4,,,0,15,,30306,4,,,0,15,,30319,4,,,0,55,,30242,4,,,0,15,,30256,4,,,0,15,,30269,4,,,0,15,,30282,4,,,0,55,,30294,4,,,0,15,,30307,4,,,0,15,,30320,4,,,0,15,,30244,4,,,0,55,,30257,4,,,0,15,,30270,4,,,0,15,,30281,4,,,0,15,,30295,4,,,0,55,,30308,4,,,0,15,,30321,4,,,0,15,,30245,4,,,0,15,,30258,4,,,0
20101,'pT7Oct11-Sunday-01',525,,32163,10,0,17 8,0,15,,32164,10,0,17 8,0,15,,32165,10,0,17 8,0,55,,32166,10,0,17 8,0,15,,32167,10,0,17 8,0,15,,32168,10,0,17 8,0,15,,32169,10,0,17 8,0,55,,32170,10,0,17 8,0,15,,32171,10,0,17 8,0,15,,32172,10,0,17 8,0,15,,32173,10,0,17 8,0,55,,32174,10,0,17 8,0,15,,32175,10,0,17 8,0,15,,32176,10,0,17 8,0,15,,32177,10,0,17 8,0,55,,32178,10,0,17 8,0,15,,32179,10,0,17 8,0,15,,32180,10,0,17 8,0,15,,32181,10,0,17 8,0,55,,32182,10,0,17 8,0,15,,32183,10,0,17 8,0,15,,32184,10,0,17 8,0,15,,32185,10,0,17 8,0,55,,32186,10,0,17 8,0,15,,32187,10,0,17 8,0,15,,32188,10,0,17 8,0,15,,32189,10,0,17 8,0,55,,32190,10,0,17 8,0,15,,32191,10,0,17 8,0,15,,32192,10,0,17 8,0,15,,32193,10,0,17 8,0,55,,32194,10,0,17 8,0,15,,32195,10,0,17 8,0,15,,32196,10,0,17 8,0,15,,32197,10,0,17 8,0,55,,32198,10,0,17 8,0,15,,32199,10,0,17 8,0,15,,32200,10,0,17 8,0,15,,32201,10,0,17 8,0,55,,32202,10,0,17 8,0,15,,32203,10,0,17 8,0,15,,32204,10,0,17 8,0,15,,32205,10,0,17 8,0,55,,32206,10,0,17 8,0,15,,32207,10,0,17 8,0,15,,32208,10,0,17 8,0,15,,32209,10,0,17 8,0,55,,32210,10,0,17 8,0,15,,32211,10,0,17 8,0,15,,32212,10,0,17 8,0,15,,32213,10,0,17 8,0,55,,32214,10,0,17 8,0,15,,32215,10,0,17 8,0,15,,32216,10,0,17 8,0,15,,32217,10,0,17 8,0,55,,32218,10,0,17 8,0,15,,32219,10,0,17 8,0,15,,32220,10,0,17 8,0,15,,32221,10,0,17 8,0,55,,32222,10,0,17 8,0,15,,32223,10,0,17 8,0,15,,32224,10,0,17 8,0,15,,32225,10,0,17 8,0,55,,32226,10,0,17 8,0,15,,32227,10,0,17 8,0,15,,32228,10,0,17 8,0,15,,32229,10,0,17 8,0,55,,32230,10,0,17 8,0,15,,32231,10,0,17 8,0,15,,32232,10,0,17 8,0,15,,32233,10,0,17 8,0,55,,32234,10,0,17 8,0,15,,32235,10,0,17 8,0,15,,32236,10,0,17 8,0,15,,32237,10,0,17 8,0,55,,32238,10,0,17 8,0,15,,32239,10,0,17 8,0,15,,32240,10,0,17 8,0,15,,32241,10,0,17 8,0,55,,32242,10,0,17 8,0,15,,32243,10,0,17 8,0,15,,32244,10,0,17 8,0,15,,32031,10,0,17 8,0
20200,'Saturday-00',527,,22676,8,,,0,10,,22686,8,,,0,10,,22698,8,,,0,10,,22708,8,,,0,50,,22721,8,,,0,10,,22733,8,,,0,10,,22743,8,,,0,10,,22755,8,,,0,10,,22767,8,,,0,10,,22777,8,,,0,50,,22789,8,,,0,10,,22677,8,,,0,10,,22687,8,,,0,10,,22699,8,,,0,10,,22709,8,,,0,10,,22722,8,,,0,50,,22734,8,,,0,10,,22744,8,,,0,10,,22756,8,,,0,10,,22768,8,,,0,10,,22778,8,,,0,10,,22790,8,,,0,50,,22678,8,,,0,10,,22688,8,,,0,10,,22700,8,,,0,10,,22710,8,,,0,10,,22723,8,,,0,10,,22735,8,,,0,50,,22745,8,,,0,10,,22757,8,,,0,10,,22769,8,,,0,10,,22779,8,,,0,10,,22791,8,,,0,10,,22679,8,,,0,50,,22689,8,,,0,10,,22701,8,,,0,10,,22711,8,,,0,10,,22724,8,,,0,10,,22736,8,,,0,10,,22746,8,,,0,50,,22758,8,,,0,10,,22770,8,,,0,10,,22780,8,,,0,10,,22792,8,,,0,10,,22680,8,,,0,10,,22690,8,,,0,50,,22702,8,,,0,10,,22712,8,,,0,10,,22725,8,,,0,10,,22737,8,,,0,10,,22747,8,,,0,10,,22759,8,,,0,50,,22771,8,,,0,10,,22781,8,,,0,10,,22793,8,,,0,10,,22681,8,,,0,10,,22691,8,,,0,10,,22703,8,,,0,50,,22714,8,,,0,10,,22726,8,,,0,10,,22738,8,,,0,10,,22748,8,,,0,10,,22760,8,,,0,10,,22772,8,,,0,50,,22782,8,,,0,10,,22794,8,,,0,10,,22682,8,,,0,10,,22692,8,,,0,10,,22704,8,,,0,10,,22713,8,,,0,50,,22727,8,,,0,10,,22739,8,,,0,10,,22749,8,,,0,10,,22761,8,,,0,10,,22773,8,,,0,10,,22783,8,,,0,50,,22795,8,,,0,10,,22683,8,,,0,10,,22693,8,,,0,10,,22705,8,,,0,10,,22715,8,,,0,10,,22728,8,,,0,50,,22740,8,,,0,10,,22750,8,,,0,10,,22762,8,,,0,10,,22774,8,,,0,10,,22785,8,,,0,10,,22796,8,,,0,50,,22684,8,,,0,10,,22694,8,,,0,10,,22706,8,,,0,10,,22716,8,,,0,10,,22729,8,,,0,10,,22741,8,,,0,50,,22751,8,,,0,10,,22763,8,,,0,10,,22775,8,,,0,10,,22784,8,,,0,10,,22797,8,,,0,10,,22685,8,,,0,48,,22695,8,,,0,15,,22717,8,,,0,15,,22730,8,,,0,15,,22752,8,,,0,55,,22764,8,,,0,15,,22786,8,,,0,15,,22798,8,,,0,15,,22696,8,,,0,55,,22718,8,,,0,15,,22731,8,,,0,15,,22753,8,,,0,15,,22765,8,,,0,55,,22787,8,,,0,15,,22799,8,,,0,15,,22697,8,,,0,15,,22719,8,,,0
20200,'Sunday-00',527,,22800,8,,,0,10,,22810,8,,,0,10,,22822,8,,,0,10,,22831,8,,,0,50,,22845,8,,,0,10,,22857,8,,,0,10,,22868,8,,,0,10,,22879,8,,,0,10,,22891,8,,,0,10,,22901,8,,,0,50,,22913,8,,,0,10,,22802,8,,,0,10,,22811,8,,,0,10,,22823,8,,,0,10,,22835,8,,,0,10,,22846,8,,,0,50,,22858,8,,,0,10,,22867,8,,,0,10,,22880,8,,,0,10,,22892,8,,,0,10,,22902,8,,,0,10,,22914,8,,,0,50,,22801,8,,,0,10,,22812,8,,,0,10,,22824,8,,,0,10,,22832,8,,,0,10,,22847,8,,,0,10,,22859,8,,,0,50,,22869,8,,,0,10,,22881,8,,,0,10,,22893,8,,,0,10,,22903,8,,,0,10,,22915,8,,,0,10,,22803,8,,,0,50,,22813,8,,,0,10,,22825,8,,,0,10,,22833,8,,,0,10,,22848,8,,,0,10,,22860,8,,,0,10,,22870,8,,,0,50,,22882,8,,,0,10,,22894,8,,,0,10,,22905,8,,,0,10,,22916,8,,,0,10,,22804,8,,,0,10,,22814,8,,,0,50,,22826,8,,,0,10,,22836,8,,,0,10,,22849,8,,,0,10,,22861,8,,,0,10,,22871,8,,,0,10,,22883,8,,,0,50,,22895,8,,,0,10,,22904,8,,,0,10,,22917,8,,,0,10,,22805,8,,,0,10,,22815,8,,,0,10,,22827,8,,,0,50,,22837,8,,,0,10,,22850,8,,,0,10,,22862,8,,,0,10,,22872,8,,,0,10,,22884,8,,,0,10,,22896,8,,,0,50,,22906,8,,,0,10,,22918,8,,,0,10,,22806,8,,,0,10,,22816,8,,,0,10,,22828,8,,,0,10,,22838,8,,,0,50,,22851,8,,,0,10,,22863,8,,,0,10,,22873,8,,,0,10,,22885,8,,,0,10,,22897,8,,,0,10,,22907,8,,,0,50,,22919,8,,,0,10,,22807,8,,,0,10,,22817,8,,,0,10,,22829,8,,,0,10,,22839,8,,,0,10,,22852,8,,,0,50,,22864,8,,,0,10,,22874,8,,,0,10,,22886,8,,,0,10,,22898,8,,,0,10,,22908,8,,,0,10,,22920,8,,,0,50,,22808,8,,,0,10,,22818,8,,,0,10,,22834,8,,,0,10,,22840,8,,,0,10,,22853,8,,,0,10,,22865,8,,,0,50,,22875,8,,,0,10,,22887,8,,,0,10,,22899,8,,,0,10,,22909,8,,,0,10,,22921,8,,,0,10,,22809,8,,,0,48,,22819,8,,,0,15,,22841,8,,,0,15,,22854,8,,,0,15,,22876,8,,,0,55,,22888,8,,,0,15,,22910,8,,,0,15,,22922,8,,,0,15,,22820,8,,,0,55,,22842,8,,,0,15,,22855,8,,,0,15,,22877,8,,,0,15,,22889,8,,,0,55,,22911,8,,,0,15,,22923,8,,,0,15,,22821,8,,,0,15,,22843,8,,,0
20200,'Weekday-00',447,,22924,8,,,0,12,,22925,8,,,0,49,,22926,8,,,0,11,,22927,8,,,0,10,,22928,8,,,0,10,,22929,8,,,0,10,,22930,8,,,0,9,,22931,8,,,0,49,,22932,8,,,0,10,,22933,8,,,0,5,,22934,8,,,0,5,,22935,8,,,0,5,,22936,8,,,0,5,,22937,8,,,0,5,,22938,8,,,0,5,,22939,8,,,0,5,,22940,8,,,0,5,,22941,8,,,0,45,,22942,8,,,0,5,,22943,8,,,0,5,,22944,8,,,0,5,,22946,8,,,0,5,,22947,8,,,0,5,,22948,8,,,0,5,,22945,8,,,0,5,,22949,8,,,0,5,,22951,8,,,0,5,,22952,8,,,0,5,,22953,8,,,0,5,,22950,8,,,0,45,,22954,8,,,0,5,,22955,8,,,0,5,,22957,8,,,0,5,,22958,8,,,0,5,,22959,8,,,0,5,,22956,8,,,0,5,,22960,8,,,0,5,,22961,8,,,0,5,,22964,8,,,0,5,,22965,8,,,0,5,,22962,8,,,0,6,,22963,8,,,0,45,,22966,8,,,0,5,,22967,8,,,0,5,,22968,8,,,0,5,,22969,8,,,0,5,,23080,8,,,0,5,,22970,8,,,0,5,,23081,8,,,0,5,,22971,8,,,0,5,,23078,8,,,0,5,,22972,8,,,0,10,,22973,8,,,0,50,,22974,8,,,0,10,,22975,8,,,0,10,,22976,8,,,0,6,,22977,8,,,0,10,,22978,8,,,0,10,,22979,8,,,0,50,,22980,8,,,0,10,,22981,8,,,0,10,,22982,8,,,0,10,,22983,8,,,0,10,,22984,8,,,0,10,,22985,8,,,0,50,,22986,8,,,0,10,,22987,8,,,0,10,,22988,8,,,0,10,,22989,8,,,0,10,,22990,8,,,0,10,,22991,8,,,0,50,,22992,8,,,0,10,,22993,8,,,0,10,,22994,8,,,0,10,,22995,8,,,0,10,,22996,8,,,0,10,,22997,8,,,0,50,,22998,8,,,0,10,,22999,8,,,0,12,,23000,8,,,0,8,,23001,8,,,0,13,,23002,8,,,0,10,,23003,8,,,0,50,,23004,8,,,0,5,,23005,8,,,0,5,,23006,8,,,0,5,,23007,8,,,0,5,,23008,8,,,0,5,,23009,8,,,0,5,,23010,8,,,0,4,,23011,8,,,0,6,,23012,8,,,0,5,,23013,8,,,0,5,,23014,8,,,0,45,,23015,8,,,0,5,,23016,8,,,0,5,,23017,8,,,0,5,,23018,8,,,0,5,,23019,8,,,0,5,,23020,8,,,0,5,,23022,8,,,0,5,,23023,8,,,0,5,,23024,8,,,0,5,,23021,8,,,0,5,,23026,8,,,0,5,,23027,8,,,0,45,,23028,8,,,0,5,,23025,8,,,0,5,,23029,8,,,0,5,,23030,8,,,0,5,,23032,8,,,0,5,,23033,8,,,0,5,,23034,8,,,0,5,,23031,8,,,0,5,,23035,8,,,0,5,,23036,8,,,0,5,,23039,8,,,0,5,,23040,8,,,0,44,,23037,8,,,0,5,,23038,8,,,0,5,,23041,8,,,0,5,,23042,8,,,0,5,,23077,8,,,0,5,,23043,8,,,0,4,,23079,8,,,0,4,,23073,8,,,0,3,,23044,8,,,0,4,,23074,8,,,0,5,,23045,8,,,0,5,,23075,8,,,0,5,,23046,8,,,0,45,,23076,8,,,0,5,,23047,8,,,0,10,,23048,8,,,0,10,,23049,8,,,0,10,,23050,8,,,0,10,,23051,8,,,0,10,,23052,8,,,0,50,,23053,8,,,0,10,,23054,8,,,0,10,,23055,8,,,0,10,,23056,8,,,0,10,,23057,8,,,0,10,,23058,8,,,0,49,,23059,8,,,0,12,,23088,8,,,0,14,,23089,8,,,0,8,,23087,8,,,0,8,,23090,8,,,0,54,,23091,8,,,0,15,,23092,8,,,0,15,,23093,8,,,0,15,,23095,8,,,0,55,,23096,8,,,0,15,,23097,8,,,0,15,,23094,8,,,0,15,,23098,8,,,0,55,,23099,8,,,0,15,,23100,8,,,0,15,,23101,8,,,0,15,,23102,8,,,0,55,,23103,8,,,0,15,,23104,8,,,0,15,,23105,8,,,0,20,,23060,8,,,0
20200,'LR3Sep30-Saturday-01',447,,23106,8,,,0,11,,23114,8,,,0,50,,23126,8,,,0,10,,23139,8,,,0,10,,23152,8,,,0,10,,23232,8,,,0,10,,23171,8,,,0,10,,23236,8,,,0,50,,23196,8,,,0,9,,23209,8,,,0,10,,23216,8,,,0,7,,23107,8,,,0,7,,23115,8,,,0,7,,23227,8,,,0,7,,23127,8,,,0,47,,23140,8,,,0,7,,23229,8,,,0,7,,23153,8,,,0,7,,23161,8,,,0,7,,23233,8,,,0,7,,23172,8,,,0,7,,23184,8,,,0,7,,23237,8,,,0,7,,23197,8,,,0,47,,23210,8,,,0,7,,23240,8,,,0,7,,23217,8,,,0,7,,23108,8,,,0,7,,23116,8,,,0,7,,23228,8,,,0,7,,23128,8,,,0,7,,23141,8,,,0,47,,23230,8,,,0,7,,23154,8,,,0,7,,23162,8,,,0,6,,23234,8,,,0,7,,23173,8,,,0,6,,23185,8,,,0,8,,23238,8,,,0,6,,23198,8,,,0,6,,23211,8,,,0,47,,23241,8,,,0,9,,23218,8,,,0,8,,23109,8,,,0,10,,23117,8,,,0,6,,23129,8,,,0,10,,23142,8,,,0,10,,23155,8,,,0,50,,23163,8,,,0,10,,23174,8,,,0,10,,23186,8,,,0,10,,23199,8,,,0,10,,23212,8,,,0,10,,23219,8,,,0,50,,23110,8,,,0,10,,23118,8,,,0,10,,23130,8,,,0,10,,23143,8,,,0,10,,23156,8,,,0,10,,23164,8,,,0,50,,23175,8,,,0,10,,23187,8,,,0,10,,23200,8,,,0,10,,23213,8,,,0,10,,23220,8,,,0,10,,23111,8,,,0,50,,23119,8,,,0,10,,23131,8,,,0,12,,23144,8,,,0,8,,23157,8,,,0,13,,23165,8,,,0,10,,23176,8,,,0,49,,23188,8,,,0,9,,23201,8,,,0,7,,23214,8,,,0,8,,23242,8,,,0,7,,23221,8,,,0,7,,23246,8,,,0,7,,23112,8,,,0,6,,23120,8,,,0,47,,23132,8,,,0,7,,23145,8,,,0,7,,23251,8,,,0,7,,23158,8,,,0,7,,23166,8,,,0,7,,23254,8,,,0,7,,23177,8,,,0,7,,23189,8,,,0,47,,23257,8,,,0,7,,23202,8,,,0,7,,23215,8,,,0,7,,23243,8,,,0,7,,23222,8,,,0,7,,23247,8,,,0,7,,23113,8,,,0,7,,23121,8,,,0,6,,23133,8,,,0,47,,23146,8,,,0,6,,23252,8,,,0,6,,23159,8,,,0,6,,23167,8,,,0,7,,23255,8,,,0,4,,23178,8,,,0,7,,23190,8,,,0,6,,23258,8,,,0,7,,23203,8,,,0,7,,23244,8,,,0,47,,23223,8,,,0,11,,23248,8,,,0,10,,23122,8,,,0,11,,23134,8,,,0,9,,23147,8,,,0,10,,23168,8,,,0,50,,23179,8,,,0,10,,23191,8,,,0,10,,23204,8,,,0,10,,23245,8,,,0,10,,23224,8,,,0,10,,23249,8,,,0,50,,23123,8,,,0,11,,23135,8,,,0,11,,23148,8,,,0,11,,23169,8,,,0,8,,23180,8,,,0,54,,23192,8,,,0,15,,23205,8,,,0,15,,23225,8,,,0,15,,23124,8,,,0,55,,23136,8,,,0,15,,23149,8,,,0,15,,23181,8,,,0,15,,23193,8,,,0,55,,23206,8,,,0,15,,23226,8,,,0,15,,23125,8,,,0,15,,23137,8,,,0,55,,23150,8,,,0,15,,23182,8,,,0,15,,23194,8,,,0,20,,23207,8,,,0
20200,'pT1Oct12-Sunday-01',527,,32252,8,,,0,10,,32262,8,,,0,10,,32274,8,,,0,10,,32283,8,,,0,50,,32297,8,,,0,10,,32309,8,,,0,10,,32320,8,,,0,10,,32331,8,,,0,10,,32343,8,,,0,10,,32353,8,,,0,50,,32365,8,,,0,10,,32254,8,,,0,10,,32263,8,,,0,10,,32275,8,,,0,10,,32285,8,,,0,10,,32298,8,,,0,50,,32310,8,,,0,10,,32319,8,,,0,10,,32332,8,,,0,10,,32344,8,,,0,10,,32354,8,,,0,10,,32366,8,,,0,50,,32253,8,,,0,10,,32264,8,,,0,10,,32276,8,,,0,10,,32284,8,,,0,10,,32299,8,,,0,10,,32311,8,,,0,50,,32321,8,,,0,10,,32333,8,,,0,10,,32345,8,,,0,10,,32355,8,,,0,10,,32367,8,,,0,10,,32255,8,,,0,50,,32265,8,,,0,10,,32277,8,,,0,10,,32286,8,,,0,10,,32301,8,,,0,10,,32312,8,,,0,10,,32322,8,,,0,50,,32334,8,,,0,10,,32346,8,,,0,10,,32357,8,,,0,10,,32368,8,,,0,10,,32256,8,,,0,10,,32266,8,,,0,50,,32279,8,,,0,10,,32288,8,,,0,10,,32300,8,,,0,10,,32313,8,,,0,10,,32323,8,,,0,10,,32336,8,,,0,50,,32347,8,,,0,10,,32356,8,,,0,10,,32369,8,,,0,10,,32257,8,,,0,10,,32267,8,,,0,10,,32278,8,,,0,50,,32289,8,,,0,10,,32302,8,,,0,10,,32314,8,,,0,10,,32324,8,,,0,10,,32335,8,,,0,10,,32348,8,,,0,50,,32358,8,,,0,10,,32370,8,,,0,10,,32258,8,,,0,10,,32268,8,,,0,10,,32280,8,,,0,10,,32290,8,,,0,50,,32303,8,,,0,10,,32315,8,,,0,10,,32325,8,,,0,10,,32337,8,,,0,10,,32349,8,,,0,10,,32359,8,,,0,50,,32371,8,,,0,10,,32259,8,,,0,10,,32269,8,,,0,10,,32281,8,,,0,10,,32291,8,,,0,10,,32304,8,,,0,50,,32316,8,,,0,10,,32326,8,,,0,10,,32338,8,,,0,10,,32350,8,,,0,10,,32360,8,,,0,10,,32372,8,,,0,50,,32260,8,,,0,10,,32270,8,,,0,10,,32287,8,,,0,10,,32292,8,,,0,10,,32305,8,,,0,10,,32317,8,,,0,50,,32328,8,,,0,10,,32339,8,,,0,10,,32351,8,,,0,10,,32361,8,,,0,10,,32373,8,,,0,10,,32261,8,,,0,48,,32271,8,,,0,15,,32293,8,,,0,15,,32306,8,,,0,15,,32327,8,,,0,55,,32340,8,,,0,15,,32363,8,,,0,15,,32374,8,,,0,15,,32272,8,,,0,55,,32294,8,,,0,15,,32307,8,,,0,15,,32329,8,,,0,15,,32341,8,,,0,55,,32362,8,,,0,15,,32375,8,,,0,15,,32273,8,,,0,15,,32295,8,,,0
20200,'pT6Oct03-Saturday-01',527,,30407,8,,,0,10,,30417,8,,,0,10,,30429,8,,,0,10,,30439,8,,,0,50,,30452,8,,,0,10,,30464,8,,,0,10,,30474,8,,,0,10,,30486,8,,,0,10,,30498,8,,,0,10,,30508,8,,,0,50,,30520,8,,,0,10,,30408,8,,,0,10,,30418,8,,,0,10,,30430,8,,,0,10,,30440,8,,,0,10,,30453,8,,,0,50,,30465,8,,,0,10,,30475,8,,,0,10,,30487,8,,,0,10,,30499,8,,,0,10,,30509,8,,,0,10,,30521,8,,,0,50,,30409,8,,,0,10,,30419,8,,,0,10,,30431,8,,,0,10,,30441,8,,,0,10,,30454,8,,,0,10,,30466,8,,,0,50,,30476,8,,,0,10,,30488,8,,,0,10,,30500,8,,,0,10,,30510,8,,,0,10,,30522,8,,,0,10,,30410,8,,,0,50,,30420,8,,,0,10,,30432,8,,,0,10,,30442,8,,,0,10,,30456,8,,,0,10,,30467,8,,,0,10,,30477,8,,,0,50,,30489,8,,,0,10,,30501,8,,,0,10,,30511,8,,,0,10,,30523,8,,,0,10,,30411,8,,,0,10,,30421,8,,,0,50,,30433,8,,,0,10,,30443,8,,,0,10,,30455,8,,,0,10,,30468,8,,,0,10,,30478,8,,,0,10,,30490,8,,,0,50,,30502,8,,,0,10,,30512,8,,,0,10,,30524,8,,,0,10,,30412,8,,,0,10,,30422,8,,,0,10,,30434,8,,,0,50,,30445,8,,,0,10,,30457,8,,,0,10,,30469,8,,,0,10,,30479,8,,,0,10,,30491,8,,,0,10,,30503,8,,,0,50,,30513,8,,,0,10,,30525,8,,,0,10,,30413,8,,,0,10,,30423,8,,,0,10,,30435,8,,,0,10,,30444,8,,,0,50,,30458,8,,,0,10,,30470,8,,,0,10,,30480,8,,,0,10,,30492,8,,,0,10,,30504,8,,,0,10,,30514,8,,,0,50,,30526,8,,,0,10,,30414,8,,,0,10,,30424,8,,,0,10,,30436,8,,,0,10,,30446,8,,,0,10,,30459,8,,,0,50,,30471,8,,,0,10,,30481,8,,,0,10,,30493,8,,,0,10,,30505,8,,,0,10,,30516,8,,,0,10,,30527,8,,,0,50,,30415,8,,,0,10,,30425,8,,,0,10,,30437,8,,,0,10,,30447,8,,,0,10,,30460,8,,,0,10,,30472,8,,,0,50,,30482,8,,,0,10,,30494,8,,,0,10,,30506,8,,,0,10,,30515,8,,,0,10,,30528,8,,,0,10,,30416,8,,,0,48,,30426,8,,,0,15,,30448,8,,,0,15,,30461,8,,,0,15,,30483,8,,,0,55,,30495,8,,,0,15,,30517,8,,,0,15,,30529,8,,,0,15,,30427,8,,,0,55,,30449,8,,,0,15,,30462,8,,,0,15,,30484,8,,,0,15,,30496,8,,,0,55,,30518,8,,,0,15,,30530,8,,,0,15,,30428,8,,,0,15,,30450,8,,,0
20200,'pT6Oct10-Saturday-01',527,,32390,8,,,0,10,,32400,8,,,0,10,,32412,8,,,0,10,,32422,8,,,0,50,,32435,8,,,0,10,,32446,8,,,0,10,,32457,8,,,0,10,,32469,8,,,0,10,,32481,8,,,0,10,,32491,8,,,0,50,,32503,8,,,0,10,,32391,8,,,0,10,,32401,8,,,0,10,,32413,8,,,0,10,,32423,8,,,0,10,,32436,8,,,0,50,,32447,8,,,0,10,,32458,8,,,0,10,,32470,8,,,0,10,,32482,8,,,0,10,,32492,8,,,0,10,,32504,8,,,0,50,,32392,8,,,0,10,,32402,8,,,0,10,,32414,8,,,0,10,,32424,8,,,0,10,,32437,8,,,0,10,,32451,8,,,0,50,,32459,8,,,0,10,,32471,8,,,0,10,,32483,8,,,0,10,,32493,8,,,0,10,,32505,8,,,0,10,,32393,8,,,0,50,,32403,8,,,0,10,,32415,8,,,0,10,,32425,8,,,0,10,,32438,8,,,0,10,,32448,8,,,0,10,,32460,8,,,0,50,,32472,8,,,0,10,,32484,8,,,0,10,,32494,8,,,0,10,,32506,8,,,0,10,,32397,8,,,0,10,,32404,8,,,0,50,,32416,8,,,0,10,,32426,8,,,0,10,,32439,8,,,0,10,,32449,8,,,0,10,,32461,8,,,0,10,,32473,8,,,0,50,,32485,8,,,0,10,,32495,8,,,0,10,,32507,8,,,0,10,,32394,8,,,0,10,,32405,8,,,0,10,,32417,8,,,0,50,,32427,8,,,0,10,,32440,8,,,0,10,,32452,8,,,0,10,,32462,8,,,0,10,,32474,8,,,0,10,,32486,8,,,0,50,,32496,8,,,0,10,,32508,8,,,0,10,,32395,8,,,0,10,,32406,8,,,0,10,,32418,8,,,0,10,,32428,8,,,0,50,,32441,8,,,0,10,,32453,8,,,0,10,,32463,8,,,0,10,,32475,8,,,0,10,,32487,8,,,0,10,,32497,8,,,0,50,,32509,8,,,0,10,,32396,8,,,0,10,,32407,8,,,0,10,,32419,8,,,0,10,,32429,8,,,0,10,,32442,8,,,0,50,,32454,8,,,0,10,,32464,8,,,0,10,,32476,8,,,0,10,,32488,8,,,0,10,,32498,8,,,0,10,,32510,8,,,0,50,,32398,8,,,0,10,,32408,8,,,0,10,,32420,8,,,0,10,,32430,8,,,0,10,,32443,8,,,0,10,,32455,8,,,0,50,,32465,8,,,0,10,,32477,8,,,0,10,,32489,8,,,0,10,,32499,8,,,0,10,,32511,8,,,0,10,,32399,8,,,0,48,,32409,8,,,0,15,,32431,8,,,0,15,,32444,8,,,0,15,,32466,8,,,0,55,,32478,8,,,0,15,,32500,8,,,0,15,,32512,8,,,0,15,,32410,8,,,0,55,,32432,8,,,0,15,,32445,8,,,0,15,,32467,8,,,0,15,,32479,8,,,0,55,,32501,8,,,0,15,,32513,8,,,0,15,,32411,8,,,0,15,,32433,8,,,0
20200,'pT7Oct04-Sunday-01',527,,30531,8,,,0,10,,30541,8,,,0,10,,30553,8,,,0,10,,30562,8,,,0,50,,30576,8,,,0,10,,30588,8,,,0,10,,30599,8,,,0,10,,30610,8,,,0,10,,30622,8,,,0,10,,30632,8,,,0,50,,30644,8,,,0,10,,30533,8,,,0,10,,30542,8,,,0,10,,30554,8,,,0,10,,30566,8,,,0,10,,30577,8,,,0,50,,30589,8,,,0,10,,30598,8,,,0,10,,30611,8,,,0,10,,30623,8,,,0,10,,30633,8,,,0,10,,30645,8,,,0,50,,30532,8,,,0,10,,30543,8,,,0,10,,30555,8,,,0,10,,30563,8,,,0,10,,30578,8,,,0,10,,30590,8,,,0,50,,30600,8,,,0,10,,30612,8,,,0,10,,30624,8,,,0,10,,30634,8,,,0,10,,30646,8,,,0,10,,30534,8,,,0,50,,30544,8,,,0,10,,30556,8,,,0,10,,30564,8,,,0,10,,30580,8,,,0,10,,30591,8,,,0,10,,30601,8,,,0,50,,30613,8,,,0,10,,30625,8,,,0,10,,30636,8,,,0,10,,30647,8,,,0,10,,30535,8,,,0,10,,30545,8,,,0,50,,30558,8,,,0,10,,30567,8,,,0,10,,30579,8,,,0,10,,30592,8,,,0,10,,30602,8,,,0,10,,30615,8,,,0,50,,30626,8,,,0,10,,30635,8,,,0,10,,30648,8,,,0,10,,30536,8,,,0,10,,30546,8,,,0,10,,30557,8,,,0,50,,30568,8,,,0,10,,30581,8,,,0,10,,30593,8,,,0,10,,30603,8,,,0,10,,30614,8,,,0,10,,30627,8,,,0,50,,30637,8,,,0,10,,30650,8,,,0,10,,30537,8,,,0,10,,30547,8,,,0,10,,30559,8,,,0,10,,30569,8,,,0,50,,30582,8,,,0,10,,30594,8,,,0,10,,30604,8,,,0,10,,30616,8,,,0,10,,30628,8,,,0,10,,30638,8,,,0,50,,30649,8,,,0,10,,30538,8,,,0,10,,30548,8,,,0,10,,30560,8,,,0,10,,30570,8,,,0,10,,30583,8,,,0,50,,30595,8,,,0,10,,30605,8,,,0,10,,30617,8,,,0,10,,30629,8,,,0,10,,30639,8,,,0,10,,30651,8,,,0,50,,30539,8,,,0,10,,30549,8,,,0,10,,30565,8,,,0,10,,30571,8,,,0,10,,30584,8,,,0,10,,30596,8,,,0,50,,30606,8,,,0,10,,30618,8,,,0,10,,30630,8,,,0,10,,30640,8,,,0,10,,30652,8,,,0,10,,30540,8,,,0,48,,30550,8,,,0,15,,30572,8,,,0,15,,30585,8,,,0,15,,30607,8,,,0,55,,30619,8,,,0,15,,30641,8,,,0,15,,30653,8,,,0,15,,30551,8,,,0,55,,30573,8,,,0,15,,30586,8,,,0,15,,30608,8,,,0,15,,30620,8,,,0,55,,30642,8,,,0,15,,30654,8,,,0,15,,30552,8,,,0,15,,30574,8,,,0
20200,'pT7Oct11-Sunday-01',521,,32603,8,,,0,15,,32598,8,,,0,15,,32594,8,,,0,55,,32595,8,,,0,15,,32601,8,,,0,15,,32597,8,,,0,15,,32602,8,,,0,55,,32599,8,,,0,15,,32596,8,,,0,15,,32600,8,,,0,15,,32565,8,,,0,55,,32566,8,,,0,15,,32567,8,,,0,15,,32568,8,,,0,15,,32569,8,,,0,55,,32571,8,,,0,15,,32570,8,,,0,15,,32572,8,,,0,15,,32573,8,,,0,55,,32574,8,,,0,15,,32575,8,,,0,15,,32576,8,,,0,15,,32577,8,,,0,55,,32578,8,,,0,15,,32579,8,,,0,15,,32580,8,,,0,15,,32581,8,,,0,55,,32582,8,,,0,15,,32583,8,,,0,15,,32585,8,,,0,15,,32586,8,,,0,55,,32587,8,,,0,15,,32588,8,,,0,15,,32589,8,,,0,15,,32590,8,,,0,55,,32591,8,,,0,15,,32592,8,,,0,15,,32593,8,,,0,15,,32564,8,,,0,55,,32584,8,,,0,15,,32563,8,,,0,15,,32543,8,,,0,15,,32542,8,,,0,55,,32541,8,,,0,15,,32540,8,,,0,15,,32560,8,,,0,15,,32559,8,,,0,55,,32561,8,,,0,15,,32562,8,,,0,15,,32558,8,,,0,15,,32557,8,,,0,55,,32555,8,,,0,15,,32556,8,,,0,15,,32553,8,,,0,15,,32554,8,,,0,55,,32552,8,,,0,15,,32551,8,,,0,15,,32550,8,,,0,15,,32548,8,,,0,55,,32549,8,,,0,15,,32547,8,,,0,15,,32546,8,,,0,15,,32545,8,,,0,55,,32544,8,,,0,15,,32537,8,,,0,15,,32538,8,,,0,15,,32539,8,,,0,55,,32514,8,,,0,15,,32518,8,,,0,15,,32522,8,,,0,15,,32527,8,,,0,55,,32528,8,,,0,15,,32533,8,,,0,15,,32535,8,,,0,15,,32515,8,,,0,55,,32519,8,,,0,15,,32523,8,,,0,15,,32526,8,,,0,15,,32529,8,,,0,55,,32532,8,,,0,15,,32536,8,,,0,15,,32516,8,,,0,15,,32520,8,,,0
