201,20100,'Saturday-00',20413,20414,20415,20416,20417,20418,20419,20420,20421,20422,20423,20424,20425,20426,20427,20428,20429,20430,20431,20432,20433,20434,20435,20436,20437,20438,20439,20440,20441,20442,20443,20444,20445,20446,20447,20448,20449,20450,20451,20452,20453,20454,20455,20456,20457,20458,20459,20460,20461,20462,20463,20464,20465,20466,20467,20468,20469,20470,20471,20472,20473,20474,20475,20476,20477,20478,20479,20480,20481,20482,20483,20484,20485,20486,20487,20488,20489,20490,20491,20492,20493,20494,20495,20496,20497,20498,20499,20500,20501,20502,20503,20504,20505,20506,20507,20508,20509,20510,20511,20512,20513,20514,20515,20516,20517,20518,20519,20520,20521,20522,20523,20524,20525,20526,20527,20528,20529,20530
201,20100,'Sunday-00',20531,20532,20533,20534,20535,20536,20537,20538,20539,20540,20541,20542,20543,20544,20545,20546,20547,20548,20549,20550,20551,20552,20553,20554,20555,20556,20557,20558,20559,20560,20561,20562,20563,20564,20565,20566,20567,20568,20569,20570,20571,20572,20573,20574,20575,20576,20577,20578,20579,20580,20581,20582,20583,20584,20585,20586,20587,20588,20589,20590,20591,20592,20593,20594,20595,20596,20597,20598,20599,20600,20601,20602,20603,20604,20605,20606,20607,20608,20609,20610,20611,20612,20613,20614,20615,20616,20617,20618,20619,20620,20621,20622,20623,20624,20625,20626,20627,20628,20629,20630,20631,20632,20633,20634,20635,20636,20637,20638,20639,20640,20641,20642,20643,20644,20645,20646,20647,20648
201,20100,'Weekday-00',20649,20650,20651,20652,20653,20654,20655,20656,20657,20658,20659,20660,20661,20662,20663,20664,20665,20666,20667,20668,20669,20670,20671,20672,20673,20674,20675,20676,20677,20678,20679,20680,20681,20682,20683,20684,20685,20686,20687,20688,20689,20690,20691,20692,20693,20694,20695,20696,20697,20698,20699,20700,20701,20702,20703,20704,20705,20706,20707,20708,20709,20710,20711,20712,20713,20714,20715,20716,20717,20718,20719,20720,20721,20722,20723,20724,20725,20726,20727,20728,20729,20730,20731,20732,20733,20734,20735,20736,20737,20738,20739,20740,20741,20742,20743,20744,20745,20746,20747,20748,20749,20750,20751,20752,20753,20754,20755,20756,20757,20758,20759,20760,20761,20762,20763,20764,20765,20766,20767,20768,20769,20770,20771,20772,20773,20774,20775,20776,20777,20778,20779,20780,20781,20782,20783,20784,20785,20786,20787,20788,20789,20790,20791,20792,20793,20794,20795,20796,20797,20798,20799,20800,20801,20802,20803,20804,20805,20806,20807,20808,20809,20810,20811,20812,20813,20814,20815,20816,20817,20818,20819
201,20100,'LR3Sep30-Saturday-01',20820,20821,20822,20823,20824,20825,20826,20827,20828,20829,20830,20831,20832,20833,20834,20835,20836,20837,20838,20839,20840,20841,20842,20843,20844,20845,20846,20847,20848,20849,20850,20851,20852,20853,20854,20855,20856,20857,20858,20859,20860,20861,20862,20863,20864,20865,20866,20867,20868,20869,20870,20871,20872,20873,20874,20875,20876,20877,20878,20879,20880,20881,20882,20883,20884,20885,20886,20887,20888,20889,20890,20891,20892,20893,20894,20895,20896,20897,20898,20899,20900,20901,20902,20903,20904,20905,20906,20907,20908,20909,20910,20911,20912,20913,20914,20915,20916,20917,20918,20919,20920,20921,20922,20923,20924,20925,20926,20927,20928,20929,20930,20931,20932,20933,20934,20935,20936,20937,20938,20939,20940,20941,20942,20943,20944,20945,20946,20947,20948,20949,20950,20951,20952,20953,20954,20955,20956,20957,20958,20959,20960,20961,20962,20963,20964,20965,20966
201,20100,'pT5Sep25-Weekday-01',27692,27693,27694,27695,27696,27697,27698,27699,27700,27701,27702,27703,27704,27705,27706,27707,27708,27709,27710,27711,27712,27713,27714,27715,27716,27717,27718,27719,27720,27721,27722,27723,27724,27725,27726,27727,27728,27729,27730,27731,27732,27733,27734,27735,27736,27737,27738,27739,27740,27741,27742,27743,27744,27745,27746,27747,27748,27749,27750,27751,27752,27753,27754,27755,27756,27757,27758,27759,27760,27761,27762,27763,27764,27765,27766,27767,27768,27769,27770,27771,27772,27773,27774,27775,27776,27777,27778,27779,27780,27781,27782,27783,27784,27785,27786,27787,27788,27789,27790,27791,27792,27793,27794,27795,27796,27797,27798,27799,27800,27801,27802,27803,27804,27805,27806,27807,27808,27809,27810,27811,27812,27813,27814,27815,27816,27817,27818,27819,27820,27821,27822,27823,27824,27825,27826,27827,27828,27829,27830,27831,27832,27833,27834,27835,27836,27837,27838,27839,27840,27841,27842,27843,27844,27845,27846,27847,27848,27849,27850,27851,27852,27853,27854,27855,27856,27857,27858,27859,27860,27861,27862
201,20100,'pT6Sep19-Saturday-99',25961,25962,25963,25964,25965,25966,25967,25968,25969,25970,25971,25972,25973,25974,25975,25976,25977,25978,25979,25980,25981,25982,25983,25984,25985,25986,25987,25988,25989,25990,25991,25992,25993,25994,25995,25996,25997,25998,25999,26000,26001,26002,26003,26004,26005,26006,26007,26008,26009,26010,26011,26012,26013,26014,26015,26016,26017,26018,26019,26020,26021,26022,26023,26024,26025,26026,26027,26028,26029,26030,26031,26032,26033,26034,26035,26036,26037,26038,26039,26040,26041,26042,26043,26044,26045,26046,26047,26048,26049,26050,26051,26052,26053,26054,26055,26056,26057,26058,26059,26060,26061,26062,26063,26064,26065,26066,26067,26068,26069,26070,26071,26072,26073
201,20100,'pT6Sep26-Saturday-01',27863,27864,27865,27866,27867,27868,27869,27870,27871,27872,27873,27874,27875,27876,27877,27878,27879,27880,27881,27882,27883,27884,27885,27886,27887,27888,27889,27890,27891,27892,27893,27894,27895,27896,27897,27898,27899,27900,27901,27902,27903,27904,27905,27906,27907,27908,27909,27910,27911,27912,27913,27914,27915,27916,27917,27918,27919,27920,27921,27922,27923,27924,27925,27926,27927,27928,27929,27930,27931,27932,27933,27934,27935,27936,27937,27938,27939,27940,27941,27942,27943,27944,27945,27946,27947,27948,27949,27950,27951,27952,27953,27954,27955,27956,27957,27958,27959,27960,27961,27962,27963,27964,27965,27966,27967,27968,27969,27970,27971,27972,27973,27974,27975,27976,27977,27978,27979,27980,27981,27982,27983,27984,27985,27986,27987,27988
201,20100,'pT7Sep27-Sunday-01',27989,27990,27991,27992,27993,27994,27995,27996,27997,27998,27999,28000,28001,28002,28003,28004,28005,28006,28007,28008,28009,28010,28011,28012,28013,28014,28015,28016,28017,28018,28019,28020,28021,28022,28023,28024,28025,28026,28027,28028,28029,28030,28031,28032,28033,28034,28035,28036,28037,28038,28039,28040,28041,28042,28043,28044,28045,28046,28047,28048,28049,28050,28051,28052,28053,28054,28055,28056,28057,28058,28059,28060,28061,28062,28063,28064,28065,28066,28067,28068,28069,28070,28071,28072,28073,28074,28075,28076,28077,28078,28079,28080,28081,28082,28083,28084,28085,28086,28087,28088,28089,28090,28091,28092,28093,28094,28095,28096,28097,28098,28099,28100,28101,28102,28103,28104,28105,28106,28107,28108,28109,28110,28111,28112,28113,28114
201,20101,'Saturday-00',21492,21493,21494,21495,21496,21497,21498,21499,21500,21501,21502,21503,21504,21505,21506,21507,21508,21509,21510,21511,21512,21513,21514,21515,21516,21517,21518,21519,21520,21521,21522,21523,21524,21525,21526,21527,21528,21529,21530,21531,21532,21533,21534,21535,21536,21537,21538,21539,21540,21541,21542,21543,21544,21545,21546,21547,21548,21549,21550,21551,21552,21553,21554,21555,21556,21557,21558,21559,21560,21561,21562,21563,21564,21565,21566,21567,21568,21569,21570,21571,21572,21573,21574,21575,21576,21577,21578,21579,21580,21581,21582,21583,21584,21585,21586,21587,21588,21589,21590,21591,21592,21593,21594,21595,21596,21597,21598,21599,21600,21601,21602,21603,21604,21605,21606,21607,21608,21609,21610,21611,21612,21613,21614,21615
201,20101,'Sunday-00',21616,21617,21618,21619,21620,21621,21622,21623,21624,21625,21626,21627,21628,21629,21630,21631,21632,21633,21634,21635,21636,21637,21638,21639,21640,21641,21642,21643,21644,21645,21646,21647,21648,21649,21650,21651,21652,21653,21654,21655,21656,21657,21658,21659,21660,21661,21662,21663,21664,21665,21666,21667,21668,21669,21670,21671,21672,21673,21674,21675,21676,21677,21678,21679,21680,21681,21682,21683,21684,21685,21686,21687,21688,21689,21690,21691,21692,21693,21694,21695,21696,21697,21698,21699,21700,21701,21702,21703,21704,21705,21706,21707,21708,21709,21710,21711,21712,21713,21714,21715,21716,21717,21718,21719,21720,21721,21722,21723,21724,21725,21726,21727,21728,21729,21730,21731,21732,21733,21734,21735,21736,21737,21738,21739
201,20101,'Weekday-00',21740,21741,21742,21743,21744,21745,21746,21747,21748,21749,21750,21751,21752,21753,21754,21755,21756,21757,21758,21759,21760,21761,21762,21763,21764,21765,21766,21767,21768,21769,21770,21771,21772,21773,21774,21775,21776,21777,21778,21779,21780,21781,21782,21783,21784,21785,21786,21787,21788,21789,21790,21791,21792,21793,21794,21795,21796,21797,21798,21799,21800,21801,21802,21803,21804,21805,21806,21807,21808,21809,21810,21811,21812,21813,21814,21815,21816,21817,21818,21819,21820,21821,21822,21823,21824,21825,21826,21827,21828,21829,21830,21831,21832,21833,21834,21835,21836,21837,21838,21839,21840,21841,21842,21843,21844,21845,21846,21847,21848,21849,21850,21851,21852,21853,21854,21855,21856,21857,21858,21859,21860,21861,21862,21863,21864,21865,21866,21867,21868,21869,21870,21871,21872,21873,21874,21875,21876,21877,21878,21879,21880,21881,21882,21883,21884,21885,21886,21887,21888,21889,21890,21891,21892,21893,21894,21895,21896,21897,21898,21899,21900,21901,21902,21903,21904,21905,21906,21907,21908,21909,21910,21911,21912,21913,21914,21915,21916,21917,21918,21919,21920,21921,21922,21923,21924,21925,21926,21927,21928,21929,21930,21931,21932,21933,21934,21935,21936,21937,21938
201,20101,'LR3Sep30-Saturday-01',21939,21940,21941,21942,21943,21944,21945,21946,21947,21948,21949,21950,21951,21952,21953,21954,21955,21956,21957,21958,21959,21960,21961,21962,21963,21964,21965,21966,21967,21968,21969,21970,21971,21972,21973,21974,21975,21976,21977,21978,21979,21980,21981,21982,21983,21984,21985,21986,21987,21988,21989,21990,21991,21992,21993,21994,21995,21996,21997,21998,21999,22000,22001,22002,22003,22004,22005,22006,22007,22008,22009,22010,22011,22012,22013,22014,22015,22016,22017,22018,22019,22020,22021,22022,22023,22024,22025,22026,22027,22028,22029,22030,22031,22032,22033,22034,22035,22036,22037,22038,22039,22040,22041,22042,22043,22044,22045,22046,22047,22048,22049,22050,22051,22052,22053,22054,22055,22056,22057,22058,22059,22060,22061,22062,22063,22064,22065,22066,22067,22068,22069,22070,22071,22072,22073,22074,22075,22076,22077,22078,22079,22080,22081,22082,22083,22084,22085,22086,22087,22088,22089,22090,22091,22092,22093,22094,22095,22096,22097,22098,22099,22100,22101,22102,22103,22104
201,20101,'pT5Sep25-Weekday-01',28115,28116,28117,28118,28119,28120,28121,28122,28123,28124,28125,28126,28127,28128,28129,28130,28131,28132,28133,28134,28135,28136,28137,28138,28139,28140,28141,28142,28143,28144,28145,28146,28147,28148,28149,28150,28151,28152,28153,28154,28155,28156,28157,28158,28159,28160,28161,28162,28163,28164,28165,28166,28167,28168,28169,28170,28171,28172,28173,28174,28175,28176,28177,28178,28179,28180,28181,28182,28183,28184,28185,28186,28187,28188,28189,28190,28191,28192,28193,28194,28195,28196,28197,28198,28199,28200,28201,28202,28203,28204,28205,28206,28207,28208,28209,28210,28211,28212,28213,28214,28215,28216,28217,28218,28219,28220,28221,28222,28223,28224,28225,28226,28227,28228,28229,28230,28231,28232,28233,28234,28235,28236,28237,28238,28239,28240,28241,28242,28243,28244,28245,28246,28247,28248,28249,28250,28251,28252,28253,28254,28255,28256,28257,28258,28259,28260,28261,28262,28263,28264,28265,28266,28267,28268,28269,28270,28271,28272,28273,28274,28275,28276,28277,28278,28279,28280,28281,28282,28283,28284,28285,28286,28287,28288,28289,28290,28291,28292,28293,28294,28295,28296,28297,28298,28299,28300,28301,28302,28303,28304,28305,28306,28307,28308,28309,28310,28311,28312,28313
201,20101,'pT6Sep19-Saturday-99',26580,26581,26582,26583,26584,26585,26586,26587,26588,26589,26590,26591,26592,26593,26594,26595,26596,26597,26598,26599,26600,26601,26602,26603,26604,26605,26606,26607,26608,26609,26610,26611,26612,26613,26614,26615,26616,26617,26618,26619,26620,26621,26622,26623,26624,26625,26626,26627,26628,26629,26630,26631,26632,26633,26634,26635,26636,26637,26638,26639,26640,26641,26642,26643,26644,26645,26646,26647,26648,26649,26650,26651,26652,26653,26654,26655,26656,26657,26658,26659,26660,26661,26662,26663,26664,26665,26666,26667,26668,26669,26670,26671,26672,26673,26674,26675,26676,26677,26678,26679,26680,26681,26682,26683,26684,26685,26686,26687,26688,26689,26690,26691,26692,26693,26694,26695,26696,26697,26698
201,20101,'pT6Sep26-Saturday-01',28314,28315,28316,28317,28318,28319,28320,28321,28322,28323,28324,28325,28326,28327,28328,28329,28330,28331,28332,28333,28334,28335,28336,28337,28338,28339,28340,28341,28342,28343,28344,28345,28346,28347,28348,28349,28350,28351,28352,28353,28354,28355,28356,28357,28358,28359,28360,28361,28362,28363,28364,28365,28366,28367,28368,28369,28370,28371,28372,28373,28374,28375,28376,28377,28378,28379,28380,28381,28382,28383,28384,28385,28386,28387,28388,28389,28390,28391,28392,28393,28394,28395,28396,28397,28398,28399,28400,28401,28402,28403,28404,28405,28406,28407,28408,28409,28410,28411,28412,28413,28414,28415,28416,28417,28418,28419,28420,28421,28422,28423,28424,28425,28426,28427,28428,28429,28430,28431,28432,28433,28434,28435,28436,28437,28438,28439,28440,28441,28442,28443,28444,28445
201,20101,'pT7Sep27-Sunday-01',28446,28447,28448,28449,28450,28451,28452,28453,28454,28455,28456,28457,28458,28459,28460,28461,28462,28463,28464,28465,28466,28467,28468,28469,28470,28471,28472,28473,28474,28475,28476,28477,28478,28479,28480,28481,28482,28483,28484,28485,28486,28487,28488,28489,28490,28491,28492,28493,28494,28495,28496,28497,28498,28499,28500,28501,28502,28503,28504,28505,28506,28507,28508,28509,28510,28511,28512,28513,28514,28515,28516,28517,28518,28519,28520,28521,28522,28523,28524,28525,28526,28527,28528,28529,28530,28531,28532,28533,28534,28535,28536,28537,28538,28539,28540,28541,28542,28543,28544,28545,28546,28547,28548,28549,28550,28551,28552,28553,28554,28555,28556,28557,28558,28559,28560,28561,28562,28563,28564,28565,28566,28567,28568,28569,28570,28571,28572,28573,28574,28575,28576,28577
202,20200,'Saturday-00',22676,22677,22678,22679,22680,22681,22682,22683,22684,22685,22686,22687,22688,22689,22690,22691,22692,22693,22694,22695,22696,22697,22698,22699,22700,22701,22702,22703,22704,22705,22706,22707,22708,22709,22710,22711,22712,22713,22714,22715,22716,22717,22718,22719,22720,22721,22722,22723,22724,22725,22726,22727,22728,22729,22730,22731,22732,22733,22734,22735,22736,22737,22738,22739,22740,22741,22742,22743,22744,22745,22746,22747,22748,22749,22750,22751,22752,22753,22754,22755,22756,22757,22758,22759,22760,22761,22762,22763,22764,22765,22766,22767,22768,22769,22770,22771,22772,22773,22774,22775,22776,22777,22778,22779,22780,22781,22782,22783,22784,22785,22786,22787,22788,22789,22790,22791,22792,22793,22794,22795,22796,22797,22798,22799
202,20200,'Sunday-00',22800,22801,22802,22803,22804,22805,22806,22807,22808,22809,22810,22811,22812,22813,22814,22815,22816,22817,22818,22819,22820,22821,22822,22823,22824,22825,22826,22827,22828,22829,22830,22831,22832,22833,22834,22835,22836,22837,22838,22839,22840,22841,22842,22843,22844,22845,22846,22847,22848,22849,22850,22851,22852,22853,22854,22855,22856,22857,22858,22859,22860,22861,22862,22863,22864,22865,22866,22867,22868,22869,22870,22871,22872,22873,22874,22875,22876,22877,22878,22879,22880,22881,22882,22883,22884,22885,22886,22887,22888,22889,22890,22891,22892,22893,22894,22895,22896,22897,22898,22899,22900,22901,22902,22903,22904,22905,22906,22907,22908,22909,22910,22911,22912,22913,22914,22915,22916,22917,22918,22919,22920,22921,22922,22923
202,20200,'Weekday-00',22924,22925,22926,22927,22928,22929,22930,22931,22932,22933,22934,22935,22936,22937,22938,22939,22940,22941,22942,22943,22944,22945,22946,22947,22948,22949,22950,22951,22952,22953,22954,22955,22956,22957,22958,22959,22960,22961,22962,22963,22964,22965,22966,22967,22968,22969,22970,22971,22972,22973,22974,22975,22976,22977,22978,22979,22980,22981,22982,22983,22984,22985,22986,22987,22988,22989,22990,22991,22992,22993,22994,22995,22996,22997,22998,22999,23000,23001,23002,23003,23004,23005,23006,23007,23008,23009,23010,23011,23012,23013,23014,23015,23016,23017,23018,23019,23020,23021,23022,23023,23024,23025,23026,23027,23028,23029,23030,23031,23032,23033,23034,23035,23036,23037,23038,23039,23040,23041,23042,23043,23044,23045,23046,23047,23048,23049,23050,23051,23052,23053,23054,23055,23056,23057,23058,23059,23060,23061,23062,23063,23064,23065,23066,23067,23068,23069,23070,23071,23072,23073,23074,23075,23076,23077,23078,23079,23080,23081,23082,23083,23084,23085,23086,23087,23088,23089,23090,23091,23092,23093,23094,23095,23096,23097,23098,23099,23100,23101,23102,23103,23104,23105
202,20200,'LR3Sep30-Saturday-01',23106,23107,23108,23109,23110,23111,23112,23113,23114,23115,23116,23117,23118,23119,23120,23121,23122,23123,23124,23125,23126,23127,23128,23129,23130,23131,23132,23133,23134,23135,23136,23137,23138,23139,23140,23141,23142,23143,23144,23145,23146,23147,23148,23149,23150,23151,23152,23153,23154,23155,23156,23157,23158,23159,23160,23161,23162,23163,23164,23165,23166,23167,23168,23169,23170,23171,23172,23173,23174,23175,23176,23177,23178,23179,23180,23181,23182,23183,23184,23185,23186,23187,23188,23189,23190,23191,23192,23193,23194,23195,23196,23197,23198,23199,23200,23201,23202,23203,23204,23205,23206,23207,23208,23209,23210,23211,23212,23213,23214,23215,23216,23217,23218,23219,23220,23221,23222,23223,23224,23225,23226,23227,23228,23229,23230,23231,23232,23233,23234,23235,23236,23237,23238,23239,23240,23241,23242,23243,23244,23245,23246,23247,23248,23249,23250,23251,23252,23253,23254,23255,23256,23257,23258
202,20200,'pT5Sep25-Weekday-01',28578,28579,28580,28581,28582,28583,28584,28585,28586,28587,28588,28589,28590,28591,28592,28593,28594,28595,28596,28597,28598,28599,28600,28601,28602,28603,28604,28605,28606,28607,28608,28609,28610,28611,28612,28613,28614,28615,28616,28617,28618,28619,28620,28621,28622,28623,28624,28625,28626,28627,28628,28629,28630,28631,28632,28633,28634,28635,28636,28637,28638,28639,28640,28641,28642,28643,28644,28645,28646,28647,28648,28649,28650,28651,28652,28653,28654,28655,28656,28657,28658,28659,28660,28661,28662,28663,28664,28665,28666,28667,28668,28669,28670,28671,28672,28673,28674,28675,28676,28677,28678,28679,28680,28681,28682,28683,28684,28685,28686,28687,28688,28689,28690,28691,28692,28693,28694,28695,28696,28697,28698,28699,28700,28701,28702,28703,28704,28705,28706,28707,28708,28709,28710,28711,28712,28713,28714,28715,28716,28717,28718,28719,28720,28721,28722,28723,28724,28725,28726,28727,28728,28729,28730,28731,28732,28733,28734,28735,28736,28737,28738,28739,28740,28741,28742,28743,28744,28745,28746,28747,28748,28749,28750,28751,28752,28753,28754,28755,28756,28757,28758,28759
202,20200,'pT6Sep19-Saturday-99',27081,27082,27083,27084,27085,27086,27087,27088,27089,27090,27091,27092,27093,27094,27095,27096,27097,27098,27099,27100,27101,27102,27103,27104,27105,27106,27107,27108,27109,27110,27111,27112,27113,27114,27115,27116,27117,27118,27119,27120,27121,27122,27123,27124,27125,27126,27127,27128,27129,27130,27131,27132,27133,27134,27135,27136,27137,27138,27139,27140,27141,27142,27143,27144,27145,27146,27147,27148,27149,27150,27151,27152,27153,27154,27155,27156,27157,27158,27159,27160,27161,27162,27163,27164,27165,27166,27167,27168,27169,27170,27171,27172,27173,27174,27175,27176,27177,27178,27179,27180,27181,27182,27183,27184,27185,27186,27187,27188,27189,27190,27191,27192,27193,27194,27195,27196,27197,27198,27199,27200,27201,27202,27203,27204
202,20200,'pT6Sep26-Saturday-01',28760,28761,28762,28763,28764,28765,28766,28767,28768,28769,28770,28771,28772,28773,28774,28775,28776,28777,28778,28779,28780,28781,28782,28783,28784,28785,28786,28787,28788,28789,28790,28791,28792,28793,28794,28795,28796,28797,28798,28799,28800,28801,28802,28803,28804,28805,28806,28807,28808,28809,28810,28811,28812,28813,28814,28815,28816,28817,28818,28819,28820,28821,28822,28823,28824,28825,28826,28827,28828,28829,28830,28831,28832,28833,28834,28835,28836,28837,28838,28839,28840,28841,28842,28843,28844,28845,28846,28847,28848,28849,28850,28851,28852,28853,28854,28855,28856,28857,28858,28859,28860,28861,28862,28863,28864,28865,28866,28867,28868,28869,28870,28871,28872,28873,28874,28875,28876,28877,28878,28879,28880,28881,28882,28883,28884,28885,28886,28887,28888,28889,28890,28891,28892,28893,28894,28895,28896,28897,28898,28899,28900,28901,28902,28903,28904,28905,28906,28907,28908,28909,28910,28911,28912,28913,28914,28915,28916,28917,28918,28919,28920,28921,28922,28923,28924,28925,28926,28927,28928,28929,28930,28931,28932,28933,28934,28935,28936,28937,28938,28939,28940,28941,28942,28943,28944,28945,28946,28947,28948,28949,28950,28951,28952,28953,28954,28955,28956,28957
202,20200,'pT7Sep27-Sunday-01',28958,28959,28960,28961,28962,28963,28964,28965,28966,28967,28968,28969,28970,28971,28972,28973,28974,28975,28976,28977,28978,28979,28980,28981,28982,28983,28984,28985,28986,28987,28988,28989,28990,28991,28992,28993,28994,28995,28996,28997,28998,28999,29000,29001,29002,29003,29004,29005,29006,29007,29008,29009,29010,29011,29012,29013,29014,29015,29016,29017,29018,29019,29020,29021,29022,29023,29024,29025,29026,29027,29028,29029,29030,29031,29032,29033,29034,29035,29036,29037,29038,29039,29040,29041,29042,29043,29044,29045,29046,29047,29048,29049,29050,29051,29052,29053,29054,29055,29056,29057,29058,29059,29060,29061,29062,29063,29064,29065,29066,29067,29068,29069,29070,29071,29072,29073,29074,29075,29076,29077,29078,29079,29080,29081,29082,29083,29084,29085,29086,29087,29088,29089,29090,29091,29092,29093,29094,29095,29096,29097,29098,29099,29100,29101,29102,29103,29104,29105,29106,29107,29108,29109,29110,29111,29112,29113,29114,29115,29116,29117,29118,29119,29120,29121,29122,29123,29124,29125,29126,29127,29128,29129,29130,29131,29132,29133,29134,29135,29136,29137,29138,29139,29140,29141,29142,29143,29144,29145,29146,29147,29148,29149,29150,29151,29152,29153,29154,29155
202,20201,'Saturday-00',24225,24226,24227,24228,24229,24230,24231,24232,24233,24234,24235,24236,24237,24238,24239,24240,24241,24242,24243,24244,24245,24246,24247,24248,24249,24250,24251,24252,24253,24254,24255,24256,24257,24258,24259,24260,24261,24262,24263,24264,24265,24266,24267,24268,24269,24270,24271,24272,24273,24274,24275,24276,24277,24278,24279,24280,24281,24282,24283,24284,24285,24286,24287,24288,24289,24290,24291,24292,24293,24294,24295,24296,24297,24298,24299,24300,24301,24302,24303,24304,24305,24306,24307,24308,24309,24310,24311,24312,24313,24314,24315,24316,24317,24318,24319,24320,24321,24322,24323,24324,24325,24326,24327,24328,24329,24330,24331,24332,24333,24334,24335,24336,24337,24338,24339,24340
202,20201,'Sunday-00',24341,24342,24343,24344,24345,24346,24347,24348,24349,24350,24351,24352,24353,24354,24355,24356,24357,24358,24359,24360,24361,24362,24363,24364,24365,24366,24367,24368,24369,24370,24371,24372,24373,24374,24375,24376,24377,24378,24379,24380,24381,24382,24383,24384,24385,24386,24387,24388,24389,24390,24391,24392,24393,24394,24395,24396,24397,24398,24399,24400,24401,24402,24403,24404,24405,24406,24407,24408,24409,24410,24411,24412,24413,24414,24415,24416,24417,24418,24419,24420,24421,24422,24423,24424,24425,24426,24427,24428,24429,24430,24431,24432,24433,24434,24435,24436,24437,24438,24439,24440,24441,24442,24443,24444,24445,24446,24447,24448,24449,24450,24451,24452,24453,24454,24455,24456
202,20201,'Weekday-00',24457,24458,24459,24460,24461,24462,24463,24464,24465,24466,24467,24468,24469,24470,24471,24472,24473,24474,24475,24476,24477,24478,24479,24480,24481,24482,24483,24484,24485,24486,24487,24488,24489,24490,24491,24492,24493,24494,24495,24496,24497,24498,24499,24500,24501,24502,24503,24504,24505,24506,24507,24508,24509,24510,24511,24512,24513,24514,24515,24516,24517,24518,24519,24520,24521,24522,24523,24524,24525,24526,24527,24528,24529,24530,24531,24532,24533,24534,24535,24536,24537,24538,24539,24540,24541,24542,24543,24544,24545,24546,24547,24548,24549,24550,24551,24552,24553,24554,24555,24556,24557,24558,24559,24560,24561,24562,24563,24564,24565,24566,24567,24568,24569,24570,24571,24572,24573,24574,24575,24576,24577,24578,24579,24580,24581,24582,24583,24584,24585,24586,24587,24588,24589,24590,24591,24592,24593,24594,24595,24596,24597,24598,24599,24600,24601,24602,24603,24604,24605,24606,24607,24608,24609,24610,24611,24612,24613,24614,24615,24616,24617,24618,24619,24620,24621
202,20201,'LR3Sep30-Saturday-01',24622,24623,24624,24625,24626,24627,24628,24629,24630,24631,24632,24633,24634,24635,24636,24637,24638,24639,24640,24641,24642,24643,24644,24645,24646,24647,24648,24649,24650,24651,24652,24653,24654,24655,24656,24657,24658,24659,24660,24661,24662,24663,24664,24665,24666,24667,24668,24669,24670,24671,24672,24673,24674,24675,24676,24677,24678,24679,24680,24681,24682,24683,24684,24685,24686,24687,24688,24689,24690,24691,24692,24693,24694,24695,24696,24697,24698,24699,24700,24701,24702,24703,24704,24705,24706,24707,24708,24709,24710,24711,24712,24713,24714,24715,24716,24717,24718,24719,24720,24721,24722,24723,24724,24725,24726,24727,24728,24729,24730,24731,24732,24733,24734,24735,24736,24737,24738,24739,24740,24741,24742,24743,24744,24745,24746,24747,24748,24749,24750,24751,24752,24753,24754,24755,24756,24757,24758,24759,24760,24761
202,20201,'pT5Sep25-Weekday-01',29156,29157,29158,29159,29160,29161,29162,29163,29164,29165,29166,29167,29168,29169,29170,29171,29172,29173,29174,29175,29176,29177,29178,29179,29180,29181,29182,29183,29184,29185,29186,29187,29188,29189,29190,29191,29192,29193,29194,29195,29196,29197,29198,29199,29200,29201,29202,29203,29204,29205,29206,29207,29208,29209,29210,29211,29212,29213,29214,29215,29216,29217,29218,29219,29220,29221,29222,29223,29224,29225,29226,29227,29228,29229,29230,29231,29232,29233,29234,29235,29236,29237,29238,29239,29240,29241,29242,29243,29244,29245,29246,29247,29248,29249,29250,29251,29252,29253,29254,29255,29256,29257,29258,29259,29260,29261,29262,29263,29264,29265,29266,29267,29268,29269,29270,29271,29272,29273,29274,29275,29276,29277,29278,29279,29280,29281,29282,29283,29284,29285,29286,29287,29288,29289,29290,29291,29292,29293,29294,29295,29296,29297,29298,29299,29300,29301,29302,29303,29304,29305,29306,29307,29308,29309,29310,29311,29312,29313,29314,29315,29316,29317,29318,29319,29320
202,20201,'pT6Sep19-Saturday-99',27455,27456,27457,27458,27459,27460,27461,27462,27463,27464,27465,27466,27467,27468,27469,27470,27471,27472,27473,27474,27475,27476,27477,27478,27479,27480,27481,27482,27483,27484,27485,27486,27487,27488,27489,27490,27491,27492,27493,27494,27495,27496,27497,27498,27499,27500,27501,27502,27503,27504,27505,27506,27507,27508,27509,27510,27511,27512,27513,27514,27515,27516,27517,27518,27519,27520,27521,27522,27523,27524,27525,27526,27527,27528,27529,27530,27531,27532,27533,27534,27535,27536,27537,27538,27539,27540,27541,27542,27543,27544,27545,27546,27547,27548,27549,27550,27551,27552,27553,27554,27555,27556,27557,27558,27559,27560,27561,27562,27563,27564,27565,27566,27567,27568,27569,27570
202,20201,'pT6Sep26-Saturday-01',29321,29322,29323,29324,29325,29326,29327,29328,29329,29330,29331,29332,29333,29334,29335,29336,29337,29338,29339,29340,29341,29342,29343,29344,29345,29346,29347,29348,29349,29350,29351,29352,29353,29354,29355,29356,29357,29358,29359,29360,29361,29362,29363,29364,29365,29366,29367,29368,29369,29370,29371,29372,29373,29374,29375,29376,29377,29378,29379,29380,29381,29382,29383,29384,29385,29386,29387,29388,29389,29390,29391,29392,29393,29394,29395,29396,29397,29398,29399,29400,29401,29402,29403,29404,29405,29406,29407,29408,29409,29410,29411,29412,29413,29414,29415,29416,29417,29418,29419,29420,29421,29422,29423,29424,29425,29426,29427,29428,29429,29430,29431,29432,29433,29434,29435,29436,29437,29438,29439,29440,29441,29442,29443,29444,29445,29446,29447,29448,29449,29450,29451,29452,29453,29454,29455,29456,29457,29458,29459,29460,29461,29462,29463,29464,29465,29466,29467,29468,29469,29470,29471,29472,29473,29474,29475,29476,29477,29478,29479,29480,29481,29482,29483,29484,29485,29486,29487,29488,29489,29490,29491,29492,29493,29494,29495,29496,29497,29498,29499,29500,29501,29502,29503,29504,29505,29506,29507,29508,29509,29510,29511,29512,29513,29514,29515,29516,29517,29518
202,20201,'pT7Sep27-Sunday-01',29519,29520,29521,29522,29523,29524,29525,29526,29527,29528,29529,29530,29531,29532,29533,29534,29535,29536,29537,29538,29539,29540,29541,29542,29543,29544,29545,29546,29547,29548,29549,29550,29551,29552,29553,29554,29555,29556,29557,29558,29559,29560,29561,29562,29563,29564,29565,29566,29567,29568,29569,29570,29571,29572,29573,29574,29575,29576,29577,29578,29579,29580,29581,29582,29583,29584,29585,29586,29587,29588,29589,29590,29591,29592,29593,29594,29595,29596,29597,29598,29599,29600,29601,29602,29603,29604,29605,29606,29607,29608,29609,29610,29611,29612,29613,29614,29615,29616,29617,29618,29619,29620,29621,29622,29623,29624,29625,29626,29627,29628,29629,29630,29631,29632,29633,29634,29635,29636,29637,29638,29639,29640,29641,29642,29643,29644,29645,29646,29647,29648,29649,29650,29651,29652,29653,29654,29655,29656,29657,29658,29659,29660,29661,29662,29663,29664,29665,29666,29667,29668,29669,29670,29671,29672,29673,29674,29675,29676,29677,29678,29679,29680,29681,29682,29683,29684,29685,29686,29687,29688,29689,29690,29691,29692,29693,29694,29695,29696,29697,29698,29699,29700,29701,29702,29703,29704,29705,29706,29707,29708,29709,29710,29711,29712,29713,29714,29715,29716
