20100,'Saturday-00',419,,20413,7,,,0,8,,20423,7,,,0,10,,20436,7,,,0,10,,20443,7,,,0,10,,20451,7,,,0,50,,20461,7,,,0,10,,20471,12,,,0,10,,20478,12,,,0,10,,20487,12,,,0,10,,20496,12,,,0,10,,20505,12,,,0,50,,20514,12,,,0,10,,20523,6,,,0,10,,20414,12,,,0,10,,20424,12,,,0,10,,20437,12,,,0,10,,20444,12,,,0,50,,20452,12,,,0,10,,20462,12,,,0,10,,20470,12,,,0,10,,20479,12,,,0,10,,20488,12,,,0,10,,20497,12,,,0,50,,20506,12,,,0,10,,20515,12,,,0,10,,20524,12,,,0,10,,20415,12,,,0,10,,20425,12,,,0,10,,20433,12,,,0,50,,20445,12,,,0,10,,20453,12,,,0,10,,20463,12,,,0,10,,20472,12,,,0,10,,20480,12,,,0,10,,20489,12,,,0,50,,20498,12,,,0,10,,20507,12,,,0,10,,20516,12,,,0,10,,20525,12,,,0,10,,20416,12,,,0,10,,20426,12,,,0,50,,20434,12,,,0,10,,20446,12,,,0,10,,20454,12,,,0,10,,20464,12,,,0,10,,20473,12,,,0,10,,20481,12,,,0,50,,20490,12,,,0,10,,20499,12,,,0,10,,20508,12,,,0,10,,20517,12,,,0,10,,20526,12,,,0,10,,20417,12,,,0,50,,20427,12,,,0,10,,20435,12,,,0,10,,20447,12,,,0,10,,20455,12,,,0,10,,20465,12,,,0,10,,20474,12,,,0,50,,20482,12,,,0,10,,20491,12,,,0,10,,20500,12,,,0,10,,20509,12,,,0,10,,20518,12,,,0,10,,20527,12,,,0,50,,20418,12,,,0,10,,20428,12,,,0,10,,20439,12,,,0,10,,20448,12,,,0,10,,20458,12,,,0,10,,20466,12,,,0,50,,20475,12,,,0,10,,20483,12,,,0,10,,20492,12,,,0,10,,20501,12,,,0,10,,20510,12,,,0,10,,20519,12,,,0,50,,20528,12,,,0,10,,20419,12,,,0,10,,20429,12,,,0,10,,20438,12,,,0,10,,20449,12,,,0,10,,20457,12,,,0,50,,20467,12,,,0,10,,20476,12,,,0,10,,20484,12,,,0,10,,20493,12,,,0,10,,20502,12,,,0,10,,20511,12,,,0,50,,20520,12,,,0,10,,20529,12,,,0,10,,20420,12,,,0,10,,20430,12,,,0,10,,20440,12,,,0,10,,20450,12,,,0,50,,20456,12,,,0,10,,20468,12,,,0,10,,20477,12,,,0,10,,20485,12,,,0,10,,20494,12,,,0,10,,20503,12,,,0,50,,20512,12,,,0,10,,20521,12,,,0,10,,20530,12,,,0,10,,20421,12,,,0,10,,20431,12,,,0,55,,20441,12,,,0,15,,20459,12,,,0,15,,20469,12,,,0,15,,20486,12,,,0,55,,20495,12,,,0,15,,20504,12,,,0,15,,20513,12,,,0,15,,20522,12,,,0,55,,20422,12,,,0,15,,20432,12,,,0,15,,20442,12,,,0,15,,20460,12,,,0
20100,'Sunday-00',419,,20531,7,,,0,8,,20541,7,,,0,10,,20551,7,,,0,10,,20561,7,,,0,10,,20569,7,,,0,50,,20579,7,,,0,10,,20588,12,,,0,10,,20596,12,,,0,10,,20605,12,,,0,10,,20614,12,,,0,10,,20623,12,,,0,50,,20632,12,,,0,10,,20641,6,,,0,10,,20532,12,,,0,10,,20542,12,,,0,10,,20553,12,,,0,10,,20562,12,,,0,50,,20570,12,,,0,10,,20580,12,,,0,10,,20589,12,,,0,10,,20597,12,,,0,10,,20606,12,,,0,10,,20615,12,,,0,50,,20624,12,,,0,10,,20633,12,,,0,10,,20642,12,,,0,10,,20533,12,,,0,10,,20543,12,,,0,10,,20552,12,,,0,50,,20563,12,,,0,10,,20571,12,,,0,10,,20582,12,,,0,10,,20590,12,,,0,10,,20598,12,,,0,10,,20607,12,,,0,50,,20616,12,,,0,10,,20625,12,,,0,10,,20635,12,,,0,10,,20643,12,,,0,10,,20534,12,,,0,10,,20544,12,,,0,50,,20554,12,,,0,10,,20564,12,,,0,10,,20572,12,,,0,10,,20581,12,,,0,10,,20591,12,,,0,10,,20599,12,,,0,50,,20608,12,,,0,10,,20617,12,,,0,10,,20626,12,,,0,10,,20634,12,,,0,10,,20644,12,,,0,10,,20535,12,,,0,50,,20545,12,,,0,10,,20555,12,,,0,10,,20566,12,,,0,10,,20573,12,,,0,10,,20583,12,,,0,10,,20592,12,,,0,50,,20600,12,,,0,10,,20609,12,,,0,10,,20618,12,,,0,10,,20627,12,,,0,10,,20636,12,,,0,10,,20645,12,,,0,50,,20536,12,,,0,10,,20546,12,,,0,10,,20556,12,,,0,10,,20565,12,,,0,10,,20574,12,,,0,10,,20584,12,,,0,50,,20593,12,,,0,10,,20601,12,,,0,10,,20610,12,,,0,10,,20619,12,,,0,10,,20628,12,,,0,10,,20637,12,,,0,50,,20646,12,,,0,10,,20538,12,,,0,10,,20547,12,,,0,10,,20557,12,,,0,10,,20567,12,,,0,10,,20575,12,,,0,50,,20585,12,,,0,10,,20594,12,,,0,10,,20602,12,,,0,10,,20611,12,,,0,10,,20620,12,,,0,10,,20629,12,,,0,50,,20638,12,,,0,10,,20647,12,,,0,10,,20539,12,,,0,10,,20548,12,,,0,10,,20558,12,,,0,10,,20568,12,,,0,50,,20576,12,,,0,10,,20587,12,,,0,10,,20595,12,,,0,10,,20603,12,,,0,10,,20612,12,,,0,10,,20621,12,,,0,50,,20630,12,,,0,10,,20639,12,,,0,10,,20648,12,,,0,10,,20537,12,,,0,10,,20549,12,,,0,55,,20559,12,,,0,15,,20577,12,,,0,15,,20586,12,,,0,15,,20604,12,,,0,55,,20613,12,,,0,15,,20622,12,,,0,15,,20631,12,,,0,15,,20640,12,,,0,55,,20540,12,,,0,15,,20550,12,,,0,15,,20560,12,,,0,15,,20578,12,,,0
20100,'Weekday-00',358,,20811,6,,,0,49,,20812,6,,,0,15,,20815,6,,,0,5,,20649,12,,,0,9,,20650,12,,,0,10,,20651,12,,,0,6,,20814,12,,,0,4,,20652,12,,,0,46,,20808,12,,,0,4,,20653,12,,,0,5,,20654,12,,,0,6,,20813,12,,,0,4,,20655,12,,,0,4,,20809,12,,,0,5,,20788,12,,,0,5,,20656,12,,,0,10,,20657,12,,,0,11,,20658,12,,,0,50,,20659,12,,,0,4,,20789,12,,,0,7,,20660,12,,,0,5,,20810,12,,,0,5,,20661,12,,,0,5,,20662,12,,,0,5,,20663,12,,,0,5,,20664,12,,,0,5,,20665,12,,,0,5,,20666,12,,,0,5,,20667,12,,,0,45,,20668,12,,,0,5,,20669,12,,,0,5,,20670,12,,,0,5,,20671,12,,,0,5,,20672,12,,,0,5,,20673,12,,,0,5,,20674,12,,,0,5,,20675,12,,,0,5,,20676,12,,,0,5,,20677,12,,,0,5,,20678,12,,,0,5,,20679,12,,,0,45,,20680,12,,,0,5,,20681,12,,,0,5,,20682,12,,,0,5,,20683,12,,,0,5,,20684,12,,,0,5,,20685,12,,,0,5,,20686,12,,,0,5,,20687,12,,,0,5,,20688,12,,,0,5,,20689,12,,,0,5,,20690,12,,,0,5,,20691,12,,,0,45,,20692,12,,,0,10,,20693,12,,,0,10,,20694,12,,,0,5,,20695,12,,,0,10,,20696,12,,,0,10,,20697,12,,,0,5,,20790,12,,,0,5,,20698,12,,,0,46,,20791,12,,,0,4,,20699,12,,,0,6,,20792,12,,,0,4,,20700,12,,,0,6,,20793,12,,,0,4,,20701,12,,,0,10,,20702,12,,,0,10,,20703,12,,,0,8,,20704,12,,,0,52,,20705,12,,,0,10,,20706,12,,,0,10,,20707,12,,,0,10,,20708,12,,,0,10,,20709,12,,,0,10,,20710,12,,,0,50,,20711,12,,,0,10,,20712,12,,,0,10,,20713,12,,,0,10,,20714,12,,,0,10,,20715,12,,,0,10,,20716,12,,,0,50,,20717,12,,,0,8,,20718,12,,,0,12,,20719,12,,,0,10,,20720,12,,,0,10,,20721,12,,,0,10,,20722,12,,,0,45,,20819,12,,,0,5,,20723,12,,,0,10,,20724,12,,,0,5,,20816,12,,,0,5,,20725,12,,,0,9,,20726,12,,,0,4,,20818,12,,,0,7,,20727,12,,,0,10,,20728,12,,,0,49,,20729,12,,,0,4,,20794,12,,,0,7,,20730,12,,,0,5,,20731,12,,,0,5,,20732,12,,,0,4,,20733,12,,,0,5,,20734,12,,,0,6,,20735,12,,,0,5,,20736,12,,,0,5,,20737,12,,,0,5,,20738,12,,,0,45,,20739,12,,,0,5,,20740,12,,,0,5,,20741,12,,,0,5,,20742,12,,,0,5,,20743,12,,,0,5,,20744,12,,,0,5,,20745,12,,,0,5,,20746,12,,,0,5,,20747,12,,,0,4,,20748,12,,,0,4,,20817,12,,,0,2,,20749,12,,,0,5,,20750,12,,,0,45,,20751,12,,,0,5,,20752,12,,,0,5,,20753,12,,,0,5,,20754,12,,,0,5,,20755,12,,,0,5,,20756,12,,,0,5,,20757,12,,,0,5,,20759,12,,,0,4,,20760,12,,,0,5,,20761,12,,,0,4,,20758,12,,,0,5,,20762,12,,,0,45,,20763,12,,,0,5,,20764,12,,,0,5,,20765,12,,,0,5,,20766,12,,,0,5,,20767,12,,,0,11,,20768,12,,,0,5,,20769,12,,,0,10,,20770,12,,,0,10,,20771,12,,,0,53,,20772,12,,,0,9,,20773,12,,,0,11,,20774,12,,,0,7,,20775,12,,,0,12,,20776,12,,,0,8,,20778,12,,,0,50,,20780,12,,,0,10,,20777,12,,,0,9,,20781,12,,,0,11,,20779,12,,,0,10,,20782,12,,,0,10,,20783,12,,,0,50,,20784,12,,,0,10,,20785,12,,,0,10,,20786,12,,,0,15,,20796,12,,,0,15,,20797,12,,,0,55,,20798,12,,,0,15,,20799,12,,,0,15,,20802,12,,,0,15,,20803,12,,,0,55,,20800,12,,,0,15,,20801,12,,,0,15,,20804,12,,,0,15,,20805,12,,,0,55,,20806,12,,,0,15,,20807,12,,,0,15,,20795,12,,,0,15,,20787,12,,,0
20100,'LR3Sep30-Saturday-01',354,,20965,6,,,0,55,,20827,7,,,0,7,,20962,6,,,0,11,,20942,12,,,0,9,,20945,12,,,0,8,,20862,12,,,0,7,,20869,12,,,0,7,,20879,12,,,0,47,,20887,12,,,0,7,,20963,6,,,0,6,,20896,12,,,0,7,,20904,12,,,0,6,,20913,12,,,0,7,,20949,12,,,0,6,,20922,12,,,0,6,,20931,12,,,0,7,,20940,12,,,0,47,,20820,12,,,0,7,,20828,12,,,0,8,,20837,12,,,0,6,,20846,12,,,0,7,,20943,12,,,0,7,,20853,12,,,0,7,,20946,12,,,0,7,,20863,12,,,0,47,,20870,12,,,0,7,,20880,12,,,0,7,,20888,12,,,0,7,,20948,12,,,0,7,,20897,12,,,0,7,,20905,12,,,0,7,,20914,12,,,0,7,,20950,12,,,0,7,,20923,12,,,0,47,,20932,12,,,0,7,,20941,12,,,0,7,,20821,12,,,0,7,,20829,12,,,0,7,,20838,12,,,0,7,,20847,12,,,0,7,,20944,12,,,0,7,,20854,12,,,0,48,,20947,12,,,0,7,,20864,12,,,0,7,,20871,12,,,0,6,,20881,12,,,0,8,,20889,12,,,0,9,,20898,12,,,0,10,,20906,12,,,0,10,,20915,12,,,0,50,,20924,12,,,0,10,,20933,12,,,0,10,,20822,12,,,0,10,,20830,12,,,0,10,,20839,12,,,0,8,,20848,12,,,0,52,,20855,12,,,0,10,,20865,12,,,0,10,,20872,12,,,0,10,,20882,12,,,0,10,,20890,12,,,0,10,,20899,12,,,0,50,,20907,12,,,0,10,,20916,12,,,0,10,,20925,12,,,0,10,,20934,12,,,0,10,,20823,12,,,0,10,,20831,12,,,0,50,,20840,12,,,0,8,,20849,12,,,0,12,,20856,12,,,0,10,,20866,12,,,0,10,,20873,12,,,0,10,,20883,12,,,0,45,,20966,6,,,0,9,,20891,12,,,0,6,,20900,12,,,0,5,,20964,6,,,0,10,,20908,12,,,0,6,,20917,12,,,0,4,,20954,12,,,0,5,,20926,12,,,0,7,,20935,12,,,0,46,,20956,12,,,0,7,,20824,12,,,0,7,,20832,12,,,0,7,,20958,12,,,0,7,,20841,12,,,0,7,,20850,12,,,0,7,,20960,12,,,0,7,,20857,12,,,0,7,,20867,12,,,0,47,,20874,12,,,0,7,,20884,12,,,0,7,,20951,12,,,0,7,,20892,12,,,0,7,,20901,12,,,0,7,,20952,12,,,0,7,,20909,12,,,0,7,,20918,12,,,0,7,,20955,12,,,0,47,,20927,12,,,0,7,,20936,12,,,0,7,,20957,12,,,0,7,,20825,12,,,0,7,,20833,12,,,0,7,,20959,12,,,0,7,,20842,12,,,0,6,,20851,12,,,0,47,,20961,12,,,0,7,,20858,12,,,0,7,,20868,12,,,0,7,,20875,12,,,0,7,,20885,12,,,0,7,,20893,12,,,0,7,,20902,12,,,0,7,,20953,12,,,0,7,,20910,12,,,0,47,,20919,12,,,0,11,,20928,12,,,0,10,,20937,12,,,0,11,,20826,12,,,0,10,,20834,12,,,0,10,,20843,12,,,0,50,,20852,12,,,0,10,,20859,12,,,0,10,,20876,12,,,0,10,,20886,12,,,0,10,,20894,12,,,0,10,,20903,12,,,0,50,,20911,12,,,0,10,,20920,12,,,0,10,,20929,12,,,0,15,,20938,12,,,0,15,,20835,12,,,0,55,,20844,12,,,0,15,,20860,12,,,0,15,,20877,12,,,0,15,,20895,12,,,0,55,,20912,12,,,0,15,,20921,12,,,0,15,,20930,12,,,0,15,,20939,12,,,0,55,,20836,12,,,0,15,,20845,12,,,0,15,,20861,12,,,0,15,,20878,12,,,0
20100,'pT5Sep25-Weekday-01',358,,27854,6,,,0,49,,27856,6,,,0,15,,27858,6,,,0,5,,27692,12,,,0,9,,27693,12,,,0,10,,27694,12,,,0,6,,27855,12,,,0,4,,27695,12,,,0,46,,27851,12,,,0,4,,27696,12,,,0,5,,27697,12,,,0,6,,27857,12,,,0,4,,27698,12,,,0,4,,27852,12,,,0,5,,27831,12,,,0,5,,27699,12,,,0,10,,27700,12,,,0,11,,27701,12,,,0,50,,27702,12,,,0,4,,27832,12,,,0,7,,27703,12,,,0,5,,27853,12,,,0,5,,27704,12,,,0,5,,27705,12,,,0,5,,27706,12,,,0,5,,27707,12,,,0,5,,27708,12,,,0,5,,27709,12,,,0,5,,27710,12,,,0,45,,27711,12,,,0,5,,27712,12,,,0,5,,27713,12,,,0,5,,27714,12,,,0,5,,27715,12,,,0,5,,27716,12,,,0,5,,27717,12,,,0,5,,27718,12,,,0,5,,27719,12,,,0,5,,27720,12,,,0,5,,27721,12,,,0,5,,27722,12,,,0,45,,27723,12,,,0,5,,27724,12,,,0,5,,27725,12,,,0,5,,27726,12,,,0,5,,27727,12,,,0,5,,27728,12,,,0,5,,27729,12,,,0,5,,27730,12,,,0,5,,27731,12,,,0,5,,27732,12,,,0,5,,27733,12,,,0,5,,27734,12,,,0,45,,27735,12,,,0,10,,27736,12,,,0,10,,27737,12,,,0,5,,27738,12,,,0,10,,27739,12,,,0,10,,27740,12,,,0,5,,27833,12,,,0,5,,27741,12,,,0,46,,27834,12,,,0,4,,27742,12,,,0,6,,27835,12,,,0,4,,27743,12,,,0,6,,27836,12,,,0,4,,27744,12,,,0,10,,27745,12,,,0,10,,27746,12,,,0,8,,27747,12,,,0,52,,27748,12,,,0,10,,27749,12,,,0,10,,27750,12,,,0,10,,27751,12,,,0,10,,27752,12,,,0,10,,27753,12,,,0,50,,27754,12,,,0,10,,27755,12,,,0,10,,27756,12,,,0,10,,27758,12,,,0,10,,27759,12,,,0,10,,27760,12,,,0,50,,27757,12,,,0,8,,27761,12,,,0,12,,27762,12,,,0,10,,27763,12,,,0,10,,27764,12,,,0,10,,27765,12,,,0,45,,27862,12,,,0,5,,27766,12,,,0,10,,27767,12,,,0,5,,27859,12,,,0,5,,27768,12,,,0,9,,27769,12,,,0,4,,27861,12,,,0,7,,27770,12,,,0,10,,27772,12,,,0,49,,27773,12,,,0,4,,27837,12,,,0,7,,27774,12,,,0,5,,27771,12,,,0,5,,27775,12,,,0,4,,27776,12,,,0,5,,27777,12,,,0,6,,27778,12,,,0,5,,27779,12,,,0,5,,27780,12,,,0,5,,27781,12,,,0,45,,27782,12,,,0,5,,27783,12,,,0,5,,27784,12,,,0,5,,27785,12,,,0,5,,27786,12,,,0,5,,27787,12,,,0,5,,27788,12,,,0,5,,27789,12,,,0,5,,27790,12,,,0,4,,27791,12,,,0,4,,27860,12,,,0,2,,27792,12,,,0,5,,27793,12,,,0,45,,27794,12,,,0,5,,27795,12,,,0,5,,27796,12,,,0,5,,27797,12,,,0,5,,27798,12,,,0,5,,27799,12,,,0,5,,27800,12,,,0,5,,27802,12,,,0,4,,27803,12,,,0,5,,27804,12,,,0,4,,27801,12,,,0,5,,27805,12,,,0,45,,27806,12,,,0,5,,27807,12,,,0,5,,27808,12,,,0,5,,27809,12,,,0,5,,27810,12,,,0,11,,27811,12,,,0,5,,27812,12,,,0,10,,27813,12,,,0,10,,27814,12,,,0,53,,27815,12,,,0,9,,27817,12,,,0,11,,27818,12,,,0,7,,27819,12,,,0,12,,27816,12,,,0,8,,27821,12,,,0,50,,27823,12,,,0,10,,27820,12,,,0,9,,27824,12,,,0,11,,27822,12,,,0,10,,27825,12,,,0,10,,27826,12,,,0,50,,27827,12,,,0,10,,27828,12,,,0,10,,27829,12,,,0,15,,27839,12,,,0,15,,27840,12,,,0,55,,27841,12,,,0,15,,27842,12,,,0,15,,27845,12,,,0,15,,27846,12,,,0,55,,27843,12,,,0,15,,27844,12,,,0,15,,27847,12,,,0,15,,27848,12,,,0,55,,27849,12,,,0,15,,27850,12,,,0,15,,27838,12,,,0,15,,27830,12,,,0
20100,'pT6Sep19-Saturday-99',419,,25961,7,,,0,8,,25969,7,,,0,10,,25979,7,,,0,10,,25987,7,,,0,10,,25997,7,,,0,50,,26005,7,,,0,10,,26015,12,,,0,10,,26023,12,,,0,10,,26033,12,,,0,10,,26042,12,,,0,10,,26049,12,,,0,50,,26058,12,,,0,10,,26065,6,,,0,10,,25962,12,,,0,10,,25970,12,,,0,10,,25980,12,,,0,10,,25988,12,,,0,50,,25998,12,,,0,10,,26006,12,,,0,10,,26016,12,,,0,10,,26024,12,,,0,10,,26034,12,,,0,10,,26043,12,,,0,50,,26050,12,,,0,10,,26059,12,,,0,10,,26066,12,,,0,10,,25963,12,,,0,10,,25971,12,,,0,10,,25981,12,,,0,50,,25989,12,,,0,10,,25999,12,,,0,10,,26007,12,,,0,10,,26017,12,,,0,10,,26025,12,,,0,10,,26035,12,,,0,50,,26044,12,,,0,10,,26051,12,,,0,10,,26060,12,,,0,10,,26067,12,,,0,10,,25964,12,,,0,10,,25972,12,,,0,50,,25982,12,,,0,10,,25990,12,,,0,10,,26000,12,,,0,10,,26008,12,,,0,10,,26018,12,,,0,10,,26026,12,,,0,50,,26036,12,,,0,10,,26045,12,,,0,10,,26052,12,,,0,10,,26061,12,,,0,10,,26068,12,,,0,10,,25965,12,,,0,50,,25973,12,,,0,10,,25983,12,,,0,10,,25991,12,,,0,10,,26001,12,,,0,10,,26009,12,,,0,10,,26019,12,,,0,50,,26027,12,,,0,10,,26037,12,,,0,10,,26046,12,,,0,10,,26053,12,,,0,10,,26062,12,,,0,10,,26069,12,,,0,50,,25966,12,,,0,10,,25974,12,,,0,10,,25984,12,,,0,10,,25992,12,,,0,10,,26002,12,,,0,10,,26010,12,,,0,50,,26020,12,,,0,10,,26028,12,,,0,10,,26038,12,,,0,10,,26047,12,,,0,10,,26054,12,,,0,10,,26063,12,,,0,50,,26070,12,,,0,10,,25967,12,,,0,10,,25975,12,,,0,10,,25985,12,,,0,10,,25993,12,,,0,10,,26003,12,,,0,50,,26011,12,,,0,10,,26021,12,,,0,10,,26029,12,,,0,10,,26039,12,,,0,10,,26048,12,,,0,10,,26055,12,,,0,50,,26064,12,,,0,10,,26071,12,,,0,10,,25968,12,,,0,10,,25976,12,,,0,10,,25986,12,,,0,10,,25994,12,,,0,50,,26004,12,,,0,10,,26012,12,,,0,10,,26022,12,,,0,10,,26030,12,,,0,10,,26040,12,,,0,60,,26056,12,,,0,20,,26072,12,,,0,20,,25977,12,,,0,60,,25995,12,,,0,19,,26013,12,,,0,20,,26031,12,,,0,61,,26041,12,,,0,19,,26057,12,,,0,20,,26073,12,,,0,61,,25978,12,,,0,19,,25996,12,,,0,20,,26014,12,,,0,61,,26032,12,,,0
20100,'pT6Sep26-Saturday-01',419,,27863,7,,,0,8,,27874,7,,,0,10,,27886,7,,,0,10,,27893,7,,,0,10,,27901,7,,,0,50,,27911,7,,,0,10,,27921,12,,,0,10,,27928,12,,,0,10,,27937,12,,,0,10,,27947,12,,,0,10,,27955,12,,,0,50,,27964,12,,,0,10,,27973,6,,,0,10,,27864,12,,,0,10,,27873,12,,,0,10,,27887,12,,,0,10,,27894,12,,,0,50,,27902,12,,,0,10,,27912,12,,,0,10,,27920,12,,,0,10,,27929,12,,,0,10,,27939,12,,,0,10,,27946,12,,,0,50,,27956,12,,,0,10,,27965,12,,,0,10,,27974,12,,,0,10,,27865,12,,,0,10,,27875,12,,,0,10,,27883,12,,,0,50,,27895,12,,,0,10,,27903,12,,,0,10,,27913,12,,,0,10,,27922,12,,,0,10,,27930,12,,,0,10,,27938,12,,,0,50,,27948,12,,,0,10,,27957,12,,,0,10,,27966,12,,,0,10,,27975,12,,,0,10,,27866,12,,,0,10,,27876,12,,,0,50,,27884,12,,,0,10,,27896,12,,,0,10,,27904,12,,,0,10,,27914,12,,,0,10,,27923,12,,,0,10,,27931,12,,,0,50,,27940,12,,,0,10,,27949,12,,,0,10,,27958,12,,,0,10,,27967,12,,,0,10,,27976,12,,,0,10,,27867,12,,,0,50,,27877,12,,,0,10,,27885,12,,,0,10,,27897,12,,,0,10,,27905,12,,,0,10,,27915,12,,,0,10,,27924,12,,,0,50,,27933,12,,,0,10,,27941,12,,,0,10,,27950,12,,,0,10,,27959,12,,,0,10,,27968,12,,,0,10,,27977,12,,,0,50,,27868,12,,,0,10,,27878,12,,,0,10,,27889,12,,,0,10,,27898,12,,,0,10,,27908,12,,,0,10,,27916,12,,,0,50,,27925,12,,,0,10,,27932,12,,,0,10,,27942,12,,,0,10,,27951,12,,,0,10,,27960,12,,,0,10,,27969,12,,,0,50,,27978,12,,,0,10,,27869,12,,,0,10,,27879,12,,,0,10,,27888,12,,,0,10,,27899,12,,,0,10,,27907,12,,,0,50,,27917,12,,,0,10,,27926,12,,,0,10,,27934,12,,,0,10,,27943,12,,,0,10,,27952,12,,,0,10,,27961,12,,,0,50,,27970,12,,,0,10,,27979,12,,,0,10,,27870,12,,,0,10,,27880,12,,,0,10,,27890,12,,,0,10,,27900,12,,,0,50,,27906,12,,,0,10,,27918,12,,,0,10,,27927,12,,,0,10,,27935,12,,,0,10,,27944,12,,,0,10,,27953,12,,,0,50,,27962,12,,,0,10,,27971,12,,,0,10,,27980,12,,,0,10,,27871,12,,,0,10,,27881,12,,,0,55,,27891,12,,,0,15,,27909,12,,,0,15,,27919,12,,,0,15,,27936,12,,,0,55,,27945,12,,,0,15,,27954,12,,,0,15,,27963,12,,,0,15,,27972,12,,,0,55,,27872,12,,,0,15,,27882,12,,,0,15,,27892,12,,,0,15,,27910,12,,,0
20100,'pT7Sep27-Sunday-01',419,,27989,7,,,0,8,,27999,7,,,0,10,,28009,7,,,0,10,,28019,7,,,0,10,,28027,7,,,0,50,,28037,7,,,0,10,,28046,12,,,0,10,,28054,12,,,0,10,,28063,12,,,0,10,,28072,12,,,0,10,,28080,12,,,0,50,,28090,12,,,0,10,,28099,6,,,0,10,,27990,12,,,0,10,,28000,12,,,0,10,,28011,12,,,0,10,,28020,12,,,0,50,,28028,12,,,0,10,,28038,12,,,0,10,,28047,12,,,0,10,,28055,12,,,0,10,,28064,12,,,0,10,,28073,12,,,0,50,,28082,12,,,0,10,,28091,12,,,0,10,,28100,12,,,0,10,,27991,12,,,0,10,,28001,12,,,0,10,,28010,12,,,0,50,,28021,12,,,0,10,,28029,12,,,0,10,,28040,12,,,0,10,,28049,12,,,0,10,,28056,12,,,0,10,,28065,12,,,0,50,,28074,12,,,0,10,,28083,12,,,0,10,,28093,12,,,0,10,,28101,12,,,0,10,,27992,12,,,0,10,,28002,12,,,0,50,,28012,12,,,0,10,,28022,12,,,0,10,,28030,12,,,0,10,,28039,12,,,0,10,,28048,12,,,0,10,,28057,12,,,0,50,,28066,12,,,0,10,,28075,12,,,0,10,,28084,12,,,0,10,,28092,12,,,0,10,,28102,12,,,0,10,,27993,12,,,0,50,,28003,12,,,0,10,,28013,12,,,0,10,,28024,12,,,0,10,,28031,12,,,0,10,,28041,12,,,0,10,,28050,12,,,0,50,,28058,12,,,0,10,,28067,12,,,0,10,,28076,12,,,0,10,,28085,12,,,0,10,,28094,12,,,0,10,,28103,12,,,0,50,,27994,12,,,0,10,,28004,12,,,0,10,,28014,12,,,0,10,,28023,12,,,0,10,,28032,12,,,0,10,,28042,12,,,0,50,,28051,12,,,0,10,,28059,12,,,0,10,,28068,12,,,0,10,,28077,12,,,0,10,,28086,12,,,0,10,,28095,12,,,0,50,,28104,12,,,0,10,,27996,12,,,0,10,,28005,12,,,0,10,,28015,12,,,0,10,,28025,12,,,0,10,,28033,12,,,0,50,,28043,12,,,0,10,,28052,12,,,0,10,,28060,12,,,0,10,,28069,12,,,0,10,,28078,12,,,0,10,,28087,12,,,0,50,,28096,12,,,0,10,,28105,12,,,0,10,,27997,12,,,0,10,,28006,12,,,0,10,,28016,12,,,0,10,,28026,12,,,0,50,,28034,12,,,0,10,,28045,12,,,0,10,,28053,12,,,0,10,,28061,12,,,0,10,,28070,12,,,0,10,,28079,12,,,0,50,,28088,12,,,0,10,,28097,12,,,0,10,,28106,12,,,0,10,,27995,12,,,0,10,,28007,12,,,0,55,,28017,12,,,0,15,,28035,12,,,0,15,,28044,12,,,0,15,,28062,12,,,0,55,,28071,12,,,0,15,,28081,12,,,0,15,,28089,12,,,0,15,,28098,12,,,0,55,,27998,12,,,0,15,,28008,12,,,0,15,,28018,12,,,0,15,,28036,12,,,0
20201,'Saturday-00',441,,24225,8,,,0,10,,24235,8,,,0,50,,24247,8,,,0,10,,24256,11,,,0,10,,24268,11,,,0,10,,24279,11,,,0,10,,24288,11,,,0,10,,24299,11,,,0,50,,24310,11,,,0,10,,24319,11,,,0,10,,24330,11,,,0,10,,24226,11,,,0,10,,24236,11,,,0,10,,24248,11,,,0,50,,24257,11,,,0,10,,24269,11,,,0,10,,24280,11,,,0,10,,24289,11,,,0,10,,24300,11,,,0,10,,24311,11,,,0,50,,24320,11,,,0,10,,24331,11,,,0,10,,24227,11,,,0,10,,24237,11,,,0,10,,24249,11,,,0,10,,24258,11,,,0,50,,24270,11,,,0,10,,24281,11,,,0,10,,24290,11,,,0,10,,24301,11,,,0,10,,24312,11,,,0,10,,24321,11,,,0,50,,24332,11,,,0,10,,24229,11,,,0,10,,24238,11,,,0,10,,24250,11,,,0,10,,24259,11,,,0,10,,24271,11,,,0,50,,24282,11,,,0,10,,24291,11,,,0,10,,24302,11,,,0,10,,24313,11,,,0,10,,24322,11,,,0,10,,24333,11,,,0,50,,24228,11,,,0,10,,24239,11,,,0,10,,24251,11,,,0,10,,24260,11,,,0,10,,24272,11,,,0,10,,24283,11,,,0,50,,24292,11,,,0,10,,24303,11,,,0,10,,24314,11,,,0,10,,24323,11,,,0,10,,24334,11,,,0,10,,24230,11,,,0,50,,24240,11,,,0,10,,24252,11,,,0,10,,24261,11,,,0,10,,24273,11,,,0,10,,24284,11,,,0,10,,24293,11,,,0,50,,24304,11,,,0,10,,24315,11,,,0,10,,24324,11,,,0,10,,24335,11,,,0,10,,24231,11,,,0,10,,24241,11,,,0,50,,24253,11,,,0,10,,24262,11,,,0,10,,24274,11,,,0,10,,24285,11,,,0,10,,24295,11,,,0,10,,24305,11,,,0,50,,24316,11,,,0,10,,24325,11,,,0,10,,24336,11,,,0,10,,24232,11,,,0,10,,24242,11,,,0,10,,24254,11,,,0,50,,24263,11,,,0,10,,24275,11,,,0,10,,24286,11,,,0,10,,24294,11,,,0,10,,24306,11,,,0,10,,24317,11,,,0,50,,24326,11,,,0,10,,24337,11,,,0,10,,24233,11,,,0,10,,24243,11,,,0,10,,24255,11,,,0,10,,24264,11,,,0,50,,24276,11,,,0,10,,24287,11,,,0,10,,24296,11,,,0,10,,24307,11,,,0,10,,24318,11,,,0,10,,24327,11,,,0,50,,24338,11,,,0,10,,24234,11,,,0,10,,24244,11,,,0,15,,24265,11,,,0,15,,24277,11,,,0,55,,24297,11,,,0,15,,24308,11,,,0,15,,24328,11,,,0,15,,24339,11,,,0,55,,24245,11,,,0,15,,24266,11,,,0,15,,24278,11,,,0,15,,24298,11,,,0,55,,24309,11,,,0,15,,24329,11,,,0,15,,24340,11,,,0,15,,24246,11,,,0,55,,24267,11,,,0
20201,'Sunday-00',441,,24341,8,,,0,10,,24351,8,,,0,50,,24363,8,,,0,10,,24371,11,,,0,10,,24384,11,,,0,10,,24395,11,,,0,10,,24404,11,,,0,10,,24415,11,,,0,50,,24426,11,,,0,10,,24435,11,,,0,10,,24446,11,,,0,10,,24344,11,,,0,10,,24352,11,,,0,10,,24364,11,,,0,50,,24372,11,,,0,10,,24385,11,,,0,10,,24396,11,,,0,10,,24406,11,,,0,10,,24416,11,,,0,10,,24427,11,,,0,50,,24436,11,,,0,10,,24447,11,,,0,10,,24342,11,,,0,10,,24353,11,,,0,10,,24365,11,,,0,10,,24373,11,,,0,50,,24386,11,,,0,10,,24397,11,,,0,10,,24407,11,,,0,10,,24417,11,,,0,10,,24428,11,,,0,10,,24437,11,,,0,50,,24448,11,,,0,10,,24343,11,,,0,10,,24354,11,,,0,10,,24366,11,,,0,10,,24375,11,,,0,10,,24387,11,,,0,50,,24398,11,,,0,10,,24405,11,,,0,10,,24418,11,,,0,10,,24429,11,,,0,10,,24438,11,,,0,10,,24449,11,,,0,50,,24345,11,,,0,10,,24355,11,,,0,10,,24367,11,,,0,10,,24376,11,,,0,10,,24388,11,,,0,10,,24399,11,,,0,50,,24408,11,,,0,10,,24419,11,,,0,10,,24430,11,,,0,10,,24439,11,,,0,10,,24450,11,,,0,10,,24346,11,,,0,50,,24356,11,,,0,10,,24368,11,,,0,10,,24377,11,,,0,10,,24389,11,,,0,10,,24400,11,,,0,10,,24409,11,,,0,50,,24420,11,,,0,10,,24431,11,,,0,10,,24440,11,,,0,10,,24451,11,,,0,10,,24347,11,,,0,10,,24357,11,,,0,50,,24369,11,,,0,10,,24378,11,,,0,10,,24390,11,,,0,10,,24401,11,,,0,10,,24410,11,,,0,10,,24421,11,,,0,50,,24432,11,,,0,10,,24441,11,,,0,10,,24452,11,,,0,10,,24348,11,,,0,10,,24358,11,,,0,10,,24370,11,,,0,50,,24379,11,,,0,10,,24391,11,,,0,10,,24402,11,,,0,10,,24411,11,,,0,10,,24422,11,,,0,10,,24433,11,,,0,50,,24442,11,,,0,10,,24453,11,,,0,10,,24349,11,,,0,10,,24359,11,,,0,10,,24374,11,,,0,10,,24380,11,,,0,50,,24392,11,,,0,10,,24403,11,,,0,10,,24412,11,,,0,10,,24423,11,,,0,10,,24434,11,,,0,10,,24443,11,,,0,50,,24454,11,,,0,10,,24350,11,,,0,10,,24361,11,,,0,15,,24381,11,,,0,15,,24393,11,,,0,55,,24413,11,,,0,15,,24424,11,,,0,15,,24444,11,,,0,15,,24455,11,,,0,55,,24360,11,,,0,15,,24382,11,,,0,15,,24394,11,,,0,15,,24414,11,,,0,55,,24425,11,,,0,15,,24445,11,,,0,15,,24456,11,,,0,15,,24362,11,,,0,55,,24383,11,,,0
20201,'Weekday-00',404,,24594,8,,,0,11,,24595,8,,,0,14,,24593,8,,,0,9,,24457,11,,,0,10,,24458,11,,,0,10,,24459,11,,,0,50,,24460,11,,,0,11,,24461,11,,,0,8,,24462,11,,,0,10,,24464,11,,,0,5,,24597,8,,,0,5,,24465,11,,,0,3,,24596,8,,,0,4,,24598,8,,,0,4,,24466,11,,,0,45,,24600,8,,,0,5,,24463,11,,,0,4,,24599,8,,,0,7,,24467,11,,,0,6,,24601,8,,,0,4,,24469,11,,,0,5,,24470,11,,,0,5,,24471,11,,,0,5,,24468,11,,,0,5,,24472,11,,,0,5,,24473,11,,,0,5,,24475,11,,,0,45,,24476,11,,,0,5,,24477,11,,,0,5,,24474,11,,,0,5,,24478,11,,,0,5,,24479,11,,,0,5,,24480,11,,,0,5,,24481,11,,,0,5,,24482,11,,,0,5,,24483,11,,,0,5,,24484,11,,,0,5,,24485,11,,,0,5,,24486,11,,,0,45,,24487,11,,,0,5,,24488,11,,,0,5,,24489,11,,,0,5,,24490,11,,,0,5,,24491,11,,,0,5,,24492,11,,,0,5,,24493,11,,,0,5,,24494,11,,,0,5,,24495,11,,,0,5,,24496,11,,,0,5,,24497,11,,,0,5,,24498,11,,,0,45,,24499,11,,,0,10,,24500,11,,,0,10,,24501,11,,,0,5,,24502,11,,,0,10,,24503,11,,,0,10,,24504,11,,,0,10,,24505,11,,,0,50,,24506,11,,,0,10,,24507,11,,,0,10,,24508,11,,,0,10,,24509,11,,,0,10,,24510,11,,,0,10,,24511,11,,,0,50,,24512,11,,,0,10,,24513,11,,,0,10,,24514,11,,,0,10,,24515,11,,,0,10,,24516,11,,,0,10,,24517,11,,,0,50,,24518,11,,,0,10,,24519,11,,,0,10,,24520,11,,,0,10,,24521,11,,,0,10,,24522,11,,,0,10,,24523,11,,,0,50,,24524,11,,,0,10,,24525,11,,,0,10,,24526,11,,,0,10,,24527,11,,,0,10,,24528,11,,,0,10,,24529,11,,,0,50,,24530,11,,,0,10,,24531,11,,,0,10,,24532,11,,,0,3,,24602,8,,,0,6,,24533,11,,,0,4,,24603,8,,,0,7,,24534,11,,,0,3,,24604,8,,,0,7,,24535,11,,,0,45,,24605,8,,,0,4,,24536,11,,,0,4,,24606,8,,,0,7,,24537,11,,,0,5,,24538,11,,,0,5,,24540,11,,,0,5,,24541,11,,,0,5,,24542,11,,,0,5,,24539,11,,,0,5,,24543,11,,,0,5,,24545,11,,,0,5,,24546,11,,,0,45,,24547,11,,,0,5,,24544,11,,,0,5,,24548,11,,,0,5,,24549,11,,,0,5,,24551,11,,,0,5,,24552,11,,,0,5,,24553,11,,,0,5,,24550,11,,,0,5,,24554,11,,,0,4,,24555,11,,,0,6,,24558,11,,,0,5,,24559,11,,,0,45,,24556,11,,,0,5,,24557,11,,,0,5,,24560,11,,,0,5,,24561,11,,,0,5,,24562,11,,,0,5,,24563,11,,,0,5,,24564,11,,,0,5,,24565,11,,,0,5,,24566,11,,,0,4,,24567,11,,,0,5,,24568,11,,,0,5,,24569,11,,,0,44,,24570,11,,,0,5,,24571,11,,,0,5,,24572,11,,,0,5,,24573,11,,,0,5,,24574,11,,,0,6,,24575,11,,,0,10,,24576,11,,,0,10,,24577,11,,,0,10,,24578,11,,,0,49,,24579,11,,,0,9,,24580,11,,,0,11,,24581,11,,,0,11,,24582,11,,,0,8,,24583,11,,,0,12,,24584,11,,,0,50,,24585,11,,,0,10,,24586,11,,,0,9,,24587,11,,,0,11,,24588,11,,,0,10,,24589,11,,,0,10,,24590,11,,,0,50,,24591,11,,,0,10,,24592,11,,,0,13,,24608,11,,,0,15,,24609,11,,,0,55,,24610,11,,,0,15,,24611,11,,,0,15,,24612,11,,,0,15,,24613,11,,,0,55,,24614,11,,,0,15,,24616,11,,,0,15,,24618,11,,,0,15,,24619,11,,,0,55,,24615,11,,,0,15,,24620,11,,,0,15,,24617,11,,,0,15,,24621,11,,,0,60,,24607,11,,,0
20201,'LR3Sep30-Saturday-01',407,,24622,8,,,0,12,,24630,8,,,0,10,,24642,8,,,0,9,,24654,11,,,0,10,,24666,11,,,0,52,,24740,11,,,0,8,,24683,11,,,0,12,,24743,11,,,0,8,,24706,11,,,0,6,,24718,11,,,0,6,,24725,8,,,0,7,,24623,11,,,0,8,,24631,11,,,0,47,,24736,8,,,0,7,,24643,11,,,0,8,,24655,11,,,0,6,,24738,8,,,0,7,,24667,11,,,0,7,,24674,11,,,0,7,,24741,11,,,0,7,,24684,11,,,0,7,,24695,11,,,0,47,,24744,11,,,0,7,,24707,11,,,0,7,,24719,11,,,0,7,,24746,11,,,0,7,,24726,11,,,0,7,,24624,11,,,0,7,,24632,11,,,0,7,,24737,11,,,0,47,,24644,11,,,0,7,,24656,11,,,0,7,,24739,11,,,0,7,,24668,11,,,0,7,,24675,11,,,0,7,,24742,11,,,0,7,,24685,11,,,0,7,,24696,11,,,0,7,,24745,11,,,0,47,,24708,11,,,0,7,,24720,11,,,0,6,,24747,11,,,0,8,,24727,11,,,0,5,,24625,11,,,0,9,,24633,11,,,0,10,,24645,11,,,0,10,,24657,11,,,0,50,,24669,11,,,0,10,,24676,11,,,0,10,,24686,11,,,0,10,,24697,11,,,0,10,,24709,11,,,0,10,,24721,11,,,0,51,,24728,11,,,0,9,,24626,11,,,0,10,,24634,11,,,0,10,,24646,11,,,0,10,,24658,11,,,0,10,,24670,11,,,0,50,,24677,11,,,0,10,,24687,11,,,0,10,,24698,11,,,0,10,,24710,11,,,0,10,,24722,11,,,0,10,,24729,11,,,0,50,,24627,11,,,0,10,,24635,11,,,0,10,,24647,11,,,0,10,,24659,11,,,0,10,,24671,11,,,0,10,,24678,11,,,0,50,,24688,11,,,0,10,,24699,11,,,0,10,,24711,11,,,0,6,,24723,11,,,0,9,,24748,8,,,0,6,,24730,11,,,0,7,,24752,8,,,0,47,,24628,11,,,0,7,,24636,11,,,0,8,,24648,11,,,0,7,,24660,11,,,0,7,,24756,11,,,0,7,,24672,11,,,0,7,,24679,11,,,0,7,,24758,11,,,0,47,,24689,11,,,0,7,,24700,11,,,0,7,,24760,11,,,0,7,,24712,11,,,0,7,,24724,11,,,0,7,,24749,11,,,0,7,,24731,11,,,0,7,,24753,11,,,0,7,,24629,11,,,0,47,,24637,11,,,0,7,,24649,11,,,0,7,,24661,11,,,0,7,,24757,11,,,0,7,,24673,11,,,0,7,,24680,11,,,0,7,,24759,11,,,0,6,,24690,11,,,0,7,,24701,11,,,0,47,,24761,11,,,0,7,,24713,11,,,0,7,,24750,11,,,0,7,,24732,11,,,0,11,,24754,11,,,0,10,,24638,11,,,0,11,,24650,11,,,0,49,,24662,11,,,0,10,,24681,11,,,0,10,,24691,11,,,0,10,,24702,11,,,0,10,,24714,11,,,0,10,,24751,11,,,0,50,,24733,11,,,0,10,,24755,11,,,0,10,,24639,11,,,0,10,,24651,11,,,0,10,,24663,11,,,0,10,,24682,11,,,0,50,,24692,11,,,0,10,,24703,11,,,0,15,,24715,11,,,0,15,,24734,11,,,0,55,,24640,11,,,0,15,,24652,11,,,0,15,,24664,11,,,0,15,,24693,11,,,0,55,,24704,11,,,0,15,,24716,11,,,0,15,,24735,11,,,0,15,,24641,11,,,0,55,,24653,11,,,0,15,,24665,11,,,0,15,,24694,11,,,0,15,,24705,11,,,0,60,,24717,11,,,0
20201,'pT5Sep25-Weekday-01',404,,29293,8,,,0,11,,29294,8,,,0,14,,29292,8,,,0,9,,29156,11,,,0,10,,29157,11,,,0,10,,29158,11,,,0,50,,29159,11,,,0,11,,29160,11,,,0,8,,29161,11,,,0,10,,29163,11,,,0,5,,29296,8,,,0,5,,29164,11,,,0,3,,29295,8,,,0,4,,29298,8,,,0,4,,29165,11,,,0,45,,29299,8,,,0,5,,29162,11,,,0,4,,29297,8,,,0,7,,29166,11,,,0,6,,29300,8,,,0,4,,29168,11,,,0,5,,29170,11,,,0,5,,29171,11,,,0,5,,29167,11,,,0,5,,29172,11,,,0,5,,29169,11,,,0,5,,29174,11,,,0,45,,29175,11,,,0,5,,29176,11,,,0,5,,29173,11,,,0,5,,29177,11,,,0,5,,29178,11,,,0,5,,29179,11,,,0,5,,29180,11,,,0,5,,29181,11,,,0,5,,29182,11,,,0,5,,29183,11,,,0,5,,29184,11,,,0,5,,29185,11,,,0,45,,29187,11,,,0,5,,29188,11,,,0,5,,29189,11,,,0,5,,29186,11,,,0,5,,29190,11,,,0,5,,29191,11,,,0,5,,29192,11,,,0,5,,29193,11,,,0,5,,29194,11,,,0,5,,29195,11,,,0,5,,29196,11,,,0,5,,29197,11,,,0,45,,29198,11,,,0,10,,29199,11,,,0,10,,29200,11,,,0,5,,29201,11,,,0,10,,29203,11,,,0,10,,29204,11,,,0,10,,29205,11,,,0,50,,29202,11,,,0,10,,29206,11,,,0,10,,29207,11,,,0,10,,29208,11,,,0,10,,29209,11,,,0,10,,29210,11,,,0,50,,29211,11,,,0,10,,29212,11,,,0,10,,29213,11,,,0,10,,29214,11,,,0,10,,29215,11,,,0,10,,29216,11,,,0,50,,29217,11,,,0,10,,29218,11,,,0,10,,29219,11,,,0,10,,29220,11,,,0,10,,29221,11,,,0,10,,29222,11,,,0,50,,29223,11,,,0,10,,29224,11,,,0,10,,29226,11,,,0,10,,29227,11,,,0,10,,29228,11,,,0,10,,29225,11,,,0,50,,29229,11,,,0,10,,29230,11,,,0,10,,29231,11,,,0,3,,29301,8,,,0,6,,29232,11,,,0,4,,29302,8,,,0,7,,29233,11,,,0,3,,29303,8,,,0,7,,29234,11,,,0,45,,29304,8,,,0,4,,29235,11,,,0,4,,29305,8,,,0,7,,29236,11,,,0,5,,29237,11,,,0,5,,29239,11,,,0,5,,29240,11,,,0,5,,29241,11,,,0,5,,29238,11,,,0,5,,29242,11,,,0,5,,29244,11,,,0,5,,29245,11,,,0,45,,29246,11,,,0,5,,29243,11,,,0,5,,29247,11,,,0,5,,29248,11,,,0,5,,29250,11,,,0,5,,29251,11,,,0,5,,29252,11,,,0,5,,29249,11,,,0,5,,29253,11,,,0,4,,29254,11,,,0,6,,29258,11,,,0,5,,29259,11,,,0,45,,29255,11,,,0,5,,29257,11,,,0,5,,29256,11,,,0,5,,29260,11,,,0,5,,29261,11,,,0,5,,29262,11,,,0,5,,29263,11,,,0,5,,29264,11,,,0,5,,29265,11,,,0,4,,29266,11,,,0,5,,29267,11,,,0,5,,29268,11,,,0,44,,29269,11,,,0,5,,29270,11,,,0,5,,29271,11,,,0,5,,29272,11,,,0,5,,29273,11,,,0,6,,29274,11,,,0,10,,29275,11,,,0,10,,29276,11,,,0,10,,29277,11,,,0,49,,29278,11,,,0,9,,29279,11,,,0,11,,29280,11,,,0,11,,29281,11,,,0,8,,29283,11,,,0,12,,29284,11,,,0,50,,29282,11,,,0,10,,29285,11,,,0,9,,29286,11,,,0,11,,29287,11,,,0,10,,29288,11,,,0,10,,29289,11,,,0,50,,29290,11,,,0,10,,29291,11,,,0,13,,29307,11,,,0,15,,29308,11,,,0,55,,29309,11,,,0,15,,29310,11,,,0,15,,29311,11,,,0,15,,29312,11,,,0,55,,29313,11,,,0,15,,29315,11,,,0,15,,29317,11,,,0,15,,29318,11,,,0,55,,29314,11,,,0,15,,29319,11,,,0,15,,29316,11,,,0,15,,29320,11,,,0,60,,29306,11,,,0
20201,'pT6Sep19-Saturday-99',441,,27455,8,,,0,10,,27465,8,,,0,50,,27477,8,,,0,10,,27486,11,,,0,10,,27498,11,,,0,10,,27509,11,,,0,10,,27518,11,,,0,10,,27529,11,,,0,50,,27540,11,,,0,10,,27549,11,,,0,10,,27560,11,,,0,10,,27456,11,,,0,10,,27466,11,,,0,10,,27478,11,,,0,50,,27487,11,,,0,10,,27499,11,,,0,10,,27510,11,,,0,10,,27519,11,,,0,10,,27530,11,,,0,10,,27541,11,,,0,50,,27550,11,,,0,10,,27561,11,,,0,10,,27457,11,,,0,10,,27467,11,,,0,10,,27479,11,,,0,10,,27488,11,,,0,50,,27500,11,,,0,10,,27511,11,,,0,10,,27520,11,,,0,10,,27531,11,,,0,10,,27542,11,,,0,10,,27551,11,,,0,50,,27562,11,,,0,10,,27459,11,,,0,10,,27468,11,,,0,10,,27480,11,,,0,10,,27489,11,,,0,10,,27501,11,,,0,50,,27512,11,,,0,10,,27521,11,,,0,10,,27532,11,,,0,10,,27543,11,,,0,10,,27552,11,,,0,10,,27563,11,,,0,50,,27458,11,,,0,10,,27469,11,,,0,10,,27481,11,,,0,10,,27490,11,,,0,10,,27502,11,,,0,10,,27513,11,,,0,50,,27522,11,,,0,10,,27533,11,,,0,10,,27544,11,,,0,10,,27553,11,,,0,10,,27564,11,,,0,10,,27460,11,,,0,50,,27470,11,,,0,10,,27482,11,,,0,10,,27491,11,,,0,10,,27503,11,,,0,10,,27514,11,,,0,10,,27523,11,,,0,50,,27534,11,,,0,10,,27545,11,,,0,10,,27554,11,,,0,10,,27565,11,,,0,10,,27461,11,,,0,10,,27471,11,,,0,50,,27483,11,,,0,10,,27492,11,,,0,10,,27504,11,,,0,10,,27515,11,,,0,10,,27525,11,,,0,10,,27535,11,,,0,50,,27546,11,,,0,10,,27555,11,,,0,10,,27566,11,,,0,10,,27462,11,,,0,10,,27472,11,,,0,10,,27484,11,,,0,50,,27493,11,,,0,10,,27505,11,,,0,10,,27516,11,,,0,10,,27524,11,,,0,10,,27536,11,,,0,10,,27547,11,,,0,50,,27556,11,,,0,10,,27567,11,,,0,10,,27463,11,,,0,10,,27473,11,,,0,10,,27485,11,,,0,10,,27494,11,,,0,50,,27506,11,,,0,10,,27517,11,,,0,10,,27526,11,,,0,10,,27537,11,,,0,10,,27548,11,,,0,10,,27557,11,,,0,50,,27568,11,,,0,10,,27464,11,,,0,10,,27474,11,,,0,15,,27495,11,,,0,15,,27507,11,,,0,55,,27527,11,,,0,15,,27538,11,,,0,15,,27558,11,,,0,15,,27569,11,,,0,55,,27475,11,,,0,15,,27496,11,,,0,15,,27508,11,,,0,15,,27528,11,,,0,55,,27539,11,,,0,15,,27559,11,,,0,15,,27570,11,,,0,15,,27476,11,,,0,55,,27497,11,,,0
20201,'pT6Sep26-Saturday-01',442,,29321,6,,,0,10,,29331,6,,,0,50,,29343,6,,,0,10,,29352,6,,,0,10,,29364,6,,,0,10,,29375,6,,,0,10,,29384,6,,,0,10,,29395,6,,,0,50,,29406,6,,,0,10,,29415,6,,,0,10,,29426,6,,,0,10,,29322,6,,,0,10,,29332,6,,,0,10,,29344,6,,,0,50,,29353,6,,,0,10,,29365,6,,,0,10,,29376,6,,,0,10,,29385,6,,,0,10,,29396,6,,,0,10,,29407,6,,,0,50,,29416,6,,,0,10,,29427,6,,,0,10,,29323,6,,,0,10,,29333,6,,,0,10,,29345,6,,,0,10,,29354,6,,,0,50,,29366,6,,,0,10,,29377,6,,,0,10,,29386,6,,,0,10,,29397,6,,,0,10,,29408,6,,,0,10,,29417,6,,,0,50,,29428,6,,,0,10,,29325,6,,,0,10,,29334,6,,,0,10,,29346,6,,,0,10,,29355,6,,,0,10,,29367,6,,,0,50,,29378,6,,,0,10,,29387,6,,,0,10,,29398,6,,,0,10,,29409,6,,,0,10,,29418,6,,,0,10,,29429,6,,,0,50,,29324,6,,,0,10,,29335,6,,,0,10,,29347,6,,,0,10,,29356,6,,,0,10,,29368,6,,,0,10,,29379,6,,,0,50,,29388,6,,,0,10,,29399,6,,,0,10,,29410,6,,,0,10,,29419,6,,,0,10,,29430,6,,,0,10,,29326,6,,,0,50,,29336,6,,,0,10,,29348,6,,,0,10,,29357,6,,,0,10,,29369,6,,,0,10,,29380,6,,,0,10,,29389,6,,,0,50,,29400,6,,,0,10,,29411,6,,,0,10,,29420,6,,,0,10,,29431,6,,,0,10,,29327,6,,,0,10,,29337,6,,,0,50,,29349,6,,,0,10,,29358,6,,,0,10,,29370,6,,,0,10,,29382,6,,,0,10,,29391,6,,,0,10,,29401,6,,,0,50,,29412,6,,,0,10,,29421,6,,,0,10,,29432,6,,,0,10,,29328,6,,,0,10,,29338,6,,,0,10,,29350,6,,,0,50,,29359,6,,,0,10,,29371,6,,,0,10,,29381,6,,,0,10,,29390,6,,,0,10,,29402,6,,,0,10,,29413,6,,,0,50,,29422,6,,,0,10,,29433,6,,,0,10,,29329,6,,,0,10,,29340,6,,,0,10,,29351,6,,,0,10,,29360,6,,,0,50,,29372,6,,,0,10,,29383,6,,,0,10,,29392,6,,,0,10,,29403,6,,,0,10,,29414,6,,,0,10,,29423,6,,,0,50,,29434,6,,,0,10,,29330,6,,,0,10,,29339,6,,,0,10,,29361,6,,,0,10,,29373,6,,,0,10,,29393,6,,,0,50,,29404,6,,,0,10,,29424,6,,,0,10,,29435,6,,,0,10,,29341,6,,,0,10,,29362,6,,,0,10,,29374,6,,,0,50,,29394,6,,,0,10,,29405,6,,,0,10,,29425,6,,,0,10,,29436,6,,,0,10,,29342,6,,,0,10,,29441,6,,,0,50,,29438,6,,,0,10,,29443,6,,,0,10,,29437,6,,,0,10,,29440,6,,,0,10,,29442,6,,,0,10,,29439,6,,,0,50,,29444,6,,,0,10,,29363,6,,,0
20201,'pT7Sep27-Sunday-01',442,,29519,6,,,0,10,,29536,6,,,0,50,,29553,6,,,0,10,,29570,6,,,0,10,,29587,6,,,0,10,,29603,6,,,0,10,,29619,6,,,0,10,,29635,6,,,0,50,,29520,6,,,0,10,,29537,6,,,0,10,,29554,6,,,0,10,,29571,6,,,0,10,,29588,6,,,0,10,,29604,6,,,0,50,,29620,6,,,0,10,,29636,6,,,0,10,,29521,6,,,0,10,,29538,6,,,0,10,,29555,6,,,0,10,,29572,6,,,0,50,,29589,6,,,0,10,,29605,6,,,0,10,,29621,6,,,0,10,,29637,6,,,0,10,,29522,6,,,0,10,,29539,6,,,0,50,,29557,6,,,0,10,,29573,6,,,0,10,,29590,6,,,0,10,,29606,6,,,0,10,,29622,6,,,0,10,,29638,6,,,0,50,,29523,6,,,0,10,,29540,6,,,0,10,,29556,6,,,0,10,,29574,6,,,0,10,,29591,6,,,0,10,,29607,6,,,0,50,,29623,6,,,0,10,,29639,6,,,0,10,,29524,6,,,0,10,,29541,6,,,0,10,,29558,6,,,0,10,,29575,6,,,0,50,,29595,6,,,0,10,,29608,6,,,0,10,,29624,6,,,0,10,,29640,6,,,0,10,,29525,6,,,0,10,,29542,6,,,0,50,,29559,6,,,0,10,,29576,6,,,0,10,,29596,6,,,0,10,,29609,6,,,0,10,,29625,6,,,0,10,,29641,6,,,0,50,,29526,6,,,0,10,,29543,6,,,0,10,,29560,6,,,0,10,,29577,6,,,0,10,,29592,6,,,0,10,,29610,6,,,0,50,,29626,6,,,0,10,,29642,6,,,0,10,,29527,6,,,0,10,,29544,6,,,0,10,,29561,6,,,0,10,,29578,6,,,0,50,,29593,6,,,0,10,,29611,6,,,0,10,,29627,6,,,0,10,,29643,6,,,0,10,,29528,6,,,0,10,,29545,6,,,0,50,,29562,6,,,0,10,,29579,6,,,0,10,,29594,6,,,0,10,,29612,6,,,0,10,,29628,6,,,0,10,,29644,6,,,0,50,,29529,6,,,0,10,,29546,6,,,0,10,,29563,6,,,0,10,,29580,6,,,0,10,,29597,6,,,0,10,,29613,6,,,0,50,,29629,6,,,0,10,,29645,6,,,0,10,,29530,6,,,0,10,,29547,6,,,0,10,,29564,6,,,0,10,,29581,6,,,0,50,,29598,6,,,0,10,,29614,6,,,0,10,,29630,6,,,0,10,,29646,6,,,0,10,,29531,6,,,0,10,,29548,6,,,0,50,,29565,6,,,0,10,,29582,6,,,0,10,,29599,6,,,0,10,,29615,6,,,0,10,,29631,6,,,0,10,,29647,6,,,0,50,,29532,6,,,0,10,,29549,6,,,0,10,,29566,6,,,0,10,,29583,6,,,0,10,,29600,6,,,0,10,,29616,6,,,0,50,,29632,6,,,0,10,,29648,6,,,0,10,,29533,6,,,0,10,,29550,6,,,0,10,,29567,6,,,0,10,,29584,6,,,0,50,,29601,6,,,0,10,,29617,6,,,0,10,,29633,6,,,0,10,,29649,6,,,0,10,,29534,6,,,0,10,,29551,6,,,0,50,,29568,6,,,0,10,,29585,6,,,0
