20100,'pT1Oct12-Sunday-01',2504,,30983,2,4,,0,15,,30900,2,4,,0,15,,30914,2,4,,0,15,,30928,2,4,,0,55,,30942,2,4,,0,15,,30956,2,4,,0,15,,30970,2,4,,0
20100,'pT6Oct10-Saturday-01',2503,,31213,2,4,,0,15,,31129,2,4,,0,15,,31143,2,4,,0,15,,31158,2,4,,0,55,,31172,2,4,,0,15,,31186,2,4,,0,15,,31200,2,4,,0
20100,'pT7Oct11-Sunday-01',2504,,31565,2,4,,0,15,,31564,2,4,,0,15,,31567,2,4,,0,15,,31569,2,4,,0,55,,31571,2,4,,0,15,,31573,2,4,,0,15,,31575,2,4,,0
20101,'Saturday-00',526,,21492,14,,,0,10,,21502,14,,,0,10,,21511,14,,,0,10,,21522,14,,,0,50,,21530,14,,,0,10,,21540,14,,,0,10,,21550,14,,,0,10,,21559,14,,,0,10,,21569,14,,,0,10,,21579,14,,,0,50,,21589,14,,,0,10,,21599,14,,,0,10,,21608,14,,,0,10,,21493,14,,,0,10,,21503,14,,,0,10,,21512,14,,,0,50,,21523,14,,,0,10,,21531,14,,,0,10,,21541,14,,,0,10,,21551,14,,,0,10,,21560,14,,,0,10,,21570,14,,,0,50,,21580,14,,,0,10,,21590,14,,,0,10,,21600,14,,,0,10,,21609,14,,,0,10,,21494,14,,,0,10,,21504,14,,,0,50,,21513,14,,,0,10,,21524,14,,,0,10,,21532,14,,,0,10,,21542,14,,,0,10,,21552,14,,,0,10,,21561,14,,,0,50,,21571,14,,,0,10,,21581,14,,,0,10,,21591,14,,,0,10,,21601,14,,,0,10,,21610,14,,,0,10,,21495,14,,,0,50,,21505,14,,,0,10,,21514,14,,,0,10,,21525,14,,,0,10,,21533,14,,,0,10,,21543,14,,,0,10,,21553,14,,,0,50,,21562,14,,,0,10,,21572,14,,,0,10,,21582,14,,,0,10,,21592,14,,,0,10,,21602,14,,,0,10,,21611,14,,,0,50,,21496,14,,,0,10,,21506,14,,,0,10,,21516,14,,,0,10,,21526,14,,,0,10,,21534,14,,,0,10,,21544,14,,,0,50,,21554,14,,,0,10,,21563,14,,,0,10,,21573,14,,,0,10,,21583,14,,,0,10,,21593,14,,,0,10,,21603,14,,,0,50,,21612,14,,,0,10,,21497,14,,,0,10,,21507,14,,,0,10,,21517,14,,,0,10,,21527,14,,,0,10,,21535,14,,,0,50,,21545,14,,,0,10,,21555,14,,,0,10,,21564,14,,,0,10,,21574,14,,,0,10,,21584,14,,,0,10,,21594,14,,,0,50,,21604,14,,,0,10,,21613,14,,,0,10,,21498,14,,,0,10,,21508,14,,,0,10,,21518,14,,,0,10,,21528,14,,,0,50,,21536,14,,,0,10,,21546,14,,,0,10,,21556,14,,,0,10,,21565,14,,,0,10,,21575,14,,,0,10,,21586,14,,,0,50,,21595,14,,,0,10,,21605,14,,,0,10,,21614,14,,,0,10,,21499,14,,,0,10,,21515,14,,,0,10,,21519,14,,,0,50,,21529,14,,,0,10,,21537,14,,,0,10,,21547,14,,,0,10,,21557,14,,,0,10,,21566,14,,,0,10,,21576,14,,,0,50,,21585,14,,,0,15,,21596,14,,,0,15,,21606,14,,,0,7,,21615,14,,,0,8,,21500,14,,,0,55,,21509,14,,,0,15,,21520,14,,,0,15,,21538,14,,,0,15,,21548,14,,,0,55,,21567,14,,,0,15,,21577,14,,,0,15,,21587,14,,,0,15,,21597,14,,,0,55,,21607,14,,,0,15,,21501,14,,,0,15,,21510,14,,,0,15,,21521,14,,,0,55,,21539,14,,,0
20101,'Sunday-00',526,,21616,14,,,0,10,,21626,14,,,0,10,,21636,14,,,0,10,,21646,14,,,0,50,,21654,14,,,0,10,,21664,14,,,0,10,,21674,14,,,0,10,,21683,14,,,0,10,,21693,14,,,0,10,,21703,14,,,0,50,,21713,14,,,0,10,,21723,14,,,0,10,,21732,14,,,0,10,,21617,14,,,0,10,,21627,14,,,0,10,,21637,14,,,0,50,,21647,14,,,0,10,,21656,14,,,0,10,,21665,14,,,0,10,,21675,14,,,0,10,,21684,14,,,0,10,,21694,14,,,0,50,,21704,14,,,0,10,,21714,14,,,0,10,,21724,14,,,0,10,,21733,14,,,0,10,,21618,14,,,0,10,,21628,14,,,0,50,,21638,14,,,0,10,,21648,14,,,0,10,,21655,14,,,0,10,,21666,14,,,0,10,,21676,14,,,0,10,,21685,14,,,0,50,,21695,14,,,0,10,,21706,14,,,0,10,,21715,14,,,0,10,,21725,14,,,0,10,,21734,14,,,0,10,,21619,14,,,0,50,,21629,14,,,0,10,,21639,14,,,0,10,,21649,14,,,0,10,,21657,14,,,0,10,,21667,14,,,0,10,,21677,14,,,0,50,,21686,14,,,0,10,,21696,14,,,0,10,,21705,14,,,0,10,,21716,14,,,0,10,,21726,14,,,0,10,,21735,14,,,0,50,,21620,14,,,0,10,,21630,14,,,0,10,,21640,14,,,0,10,,21650,14,,,0,10,,21658,14,,,0,10,,21668,14,,,0,50,,21678,14,,,0,10,,21687,14,,,0,10,,21697,14,,,0,10,,21707,14,,,0,10,,21717,14,,,0,10,,21727,14,,,0,50,,21736,14,,,0,10,,21621,14,,,0,10,,21631,14,,,0,10,,21641,14,,,0,10,,21651,14,,,0,10,,21659,14,,,0,50,,21669,14,,,0,10,,21679,14,,,0,10,,21688,14,,,0,10,,21698,14,,,0,10,,21708,14,,,0,10,,21718,14,,,0,50,,21728,14,,,0,10,,21737,14,,,0,10,,21623,14,,,0,10,,21632,14,,,0,10,,21642,14,,,0,10,,21652,14,,,0,50,,21660,14,,,0,10,,21670,14,,,0,10,,21680,14,,,0,10,,21689,14,,,0,10,,21699,14,,,0,10,,21709,14,,,0,50,,21719,14,,,0,10,,21729,14,,,0,10,,21738,14,,,0,10,,21622,14,,,0,10,,21633,14,,,0,10,,21643,14,,,0,50,,21653,14,,,0,10,,21661,14,,,0,10,,21671,14,,,0,10,,21681,14,,,0,10,,21691,14,,,0,10,,21700,14,,,0,50,,21710,14,,,0,15,,21720,14,,,0,15,,21730,14,,,0,7,,21739,14,,,0,8,,21624,14,,,0,55,,21634,14,,,0,15,,21644,14,,,0,15,,21662,14,,,0,15,,21672,14,,,0,55,,21690,14,,,0,15,,21701,14,,,0,15,,21711,14,,,0,15,,21721,14,,,0,55,,21731,14,,,0,15,,21625,14,,,0,15,,21635,14,,,0,15,,21645,14,,,0,55,,21663,14,,,0
20101,'Weekday-00',503,,21740,14,,,0,8,,21741,14,,,0,17,,21904,14,,,0,5,,21743,14,,,0,10,,21744,14,,,0,10,,21745,14,,,0,5,,21882,14,,,0,45,,21742,14,,,0,5,,21883,14,,,0,4,,21746,14,,,0,5,,21747,14,,,0,5,,21908,14,,,0,5,,21750,14,,,0,5,,21906,14,,,0,5,,21751,14,,,0,5,,21748,14,,,0,5,,21749,14,,,0,5,,21752,14,,,0,5,,21753,14,,,0,45,,21754,14,,,0,5,,21755,14,,,0,5,,21756,14,,,0,5,,21757,14,,,0,5,,21758,14,,,0,5,,21759,14,,,0,5,,21760,14,,,0,5,,21761,14,,,0,4,,21762,14,,,0,6,,21763,14,,,0,5,,21764,14,,,0,5,,21765,14,,,0,45,,21766,14,,,0,5,,21767,14,,,0,5,,21768,14,,,0,5,,21770,14,,,0,5,,21771,14,,,0,5,,21772,14,,,0,5,,21769,14,,,0,5,,21773,14,,,0,5,,21774,14,,,0,5,,21775,14,,,0,5,,21776,14,,,0,5,,21777,14,,,0,46,,21778,14,,,0,5,,21779,14,,,0,5,,21780,14,,,0,5,,21781,14,,,0,5,,21782,14,,,0,5,,21783,14,,,0,5,,21784,14,,,0,5,,21914,14,,,0,5,,21785,14,,,0,4,,21913,14,,,0,5,,21786,14,,,0,5,,21915,14,,,0,46,,21787,14,,,0,5,,21916,14,,,0,5,,21788,14,,,0,10,,21789,14,,,0,10,,21791,14,,,0,10,,21792,14,,,0,10,,21793,14,,,0,50,,21790,14,,,0,10,,21794,14,,,0,10,,21795,14,,,0,10,,21796,14,,,0,10,,21797,14,,,0,10,,21798,14,,,0,50,,21799,14,,,0,6,,21800,14,,,0,14,,21801,14,,,0,10,,21802,14,,,0,10,,21803,14,,,0,10,,21804,14,,,0,50,,21805,14,,,0,10,,21807,14,,,0,10,,21808,14,,,0,10,,21809,14,,,0,10,,21806,14,,,0,10,,21810,14,,,0,50,,21811,14,,,0,10,,21812,14,,,0,10,,21813,14,,,0,8,,21814,14,,,0,12,,21815,14,,,0,8,,21816,14,,,0,51,,21818,14,,,0,10,,21819,14,,,0,5,,21907,14,,,0,5,,21820,14,,,0,5,,21817,14,,,0,5,,21821,14,,,0,5,,21822,14,,,0,5,,21825,14,,,0,4,,21826,14,,,0,4,,21922,14,,,0,2,,21823,14,,,0,5,,21824,14,,,0,45,,21827,14,,,0,5,,21828,14,,,0,5,,21829,14,,,0,5,,21830,14,,,0,5,,21831,14,,,0,5,,21832,14,,,0,5,,21833,14,,,0,5,,21834,14,,,0,4,,21835,14,,,0,6,,21836,14,,,0,5,,21837,14,,,0,5,,21838,14,,,0,45,,21839,14,,,0,5,,21840,14,,,0,5,,21841,14,,,0,5,,21842,14,,,0,5,,21843,14,,,0,5,,21844,14,,,0,5,,21845,14,,,0,5,,21846,14,,,0,5,,21847,14,,,0,4,,21848,14,,,0,5,,21849,14,,,0,5,,21850,14,,,0,45,,21923,14,,,0,5,,21851,14,,,0,4,,21852,14,,,0,5,,21853,14,,,0,5,,21854,14,,,0,5,,21855,14,,,0,5,,21856,14,,,0,4,,21857,14,,,0,4,,21920,14,,,0,11,,21858,14,,,0,6,,21859,14,,,0,50,,21860,14,,,0,5,,21921,14,,,0,5,,21861,14,,,0,5,,21881,14,,,0,5,,21862,14,,,0,12,,21863,14,,,0,8,,21864,14,,,0,10,,21866,14,,,0,50,,21867,14,,,0,10,,21868,14,,,0,10,,21865,14,,,0,10,,21869,14,,,0,10,,21870,14,,,0,10,,21871,14,,,0,50,,21872,14,,,0,10,,21873,14,,,0,11,,21874,14,,,0,14,,21885,14,,,0,8,,21902,14,,,0,8,,21884,14,,,0,47,,21903,14,,,0,7,,21886,14,,,0,15,,21887,14,,,0,15,,21888,14,,,0,15,,21889,14,,,0,55,,21890,14,,,0,15,,21891,14,,,0,15,,21892,14,,,0,15,,21893,14,,,0,55,,21894,14,,,0,15,,21895,14,,,0,15,,21896,14,,,0,15,,21897,14,,,0,55,,21898,14,,,0,15,,21899,14,,,0,15,,21900,14,,,0,15,,21901,14,,,0,55,,21880,14,,,0
20101,'LR3Sep30-Saturday-01',502,,21939,14,,,0,10,,21947,14,,,0,10,,21967,14,,,0,10,,22074,14,,,0,10,,22077,14,,,0,7,,21986,14,,,0,7,,21994,14,,,0,46,,22005,14,,,0,8,,22014,14,,,0,8,,22080,14,,,0,8,,22024,14,,,0,6,,22033,14,,,0,7,,22043,14,,,0,7,,22082,14,,,0,7,,22053,14,,,0,47,,22063,14,,,0,7,,22072,14,,,0,7,,21940,14,,,0,7,,21948,14,,,0,7,,21958,14,,,0,7,,21968,14,,,0,7,,22075,14,,,0,7,,21976,14,,,0,7,,22078,14,,,0,47,,21987,14,,,0,7,,21995,14,,,0,7,,22006,14,,,0,7,,22015,14,,,0,7,,22081,14,,,0,7,,22025,14,,,0,7,,22034,14,,,0,7,,22044,14,,,0,7,,22083,14,,,0,46,,22054,14,,,0,7,,22064,14,,,0,7,,22073,14,,,0,6,,21941,14,,,0,7,,21949,14,,,0,11,,21959,14,,,0,9,,21969,14,,,0,5,,22076,14,,,0,46,,21977,14,,,0,7,,22079,14,,,0,4,,21988,14,,,0,9,,21996,14,,,0,9,,22007,14,,,0,11,,22016,14,,,0,10,,22026,14,,,0,50,,22035,14,,,0,10,,22045,14,,,0,10,,22055,14,,,0,10,,22065,14,,,0,10,,21942,14,,,0,10,,21950,14,,,0,50,,21960,14,,,0,10,,21970,14,,,0,10,,21978,14,,,0,10,,21989,14,,,0,10,,21997,14,,,0,10,,22008,14,,,0,50,,22017,14,,,0,10,,22027,14,,,0,10,,22036,14,,,0,10,,22046,14,,,0,10,,22056,14,,,0,10,,22066,14,,,0,50,,21943,14,,,0,10,,21951,14,,,0,10,,21961,14,,,0,8,,21971,14,,,0,12,,21979,14,,,0,8,,21990,14,,,0,7,,21998,14,,,0,48,,22009,14,,,0,9,,22084,14,,,0,9,,22018,14,,,0,7,,22028,14,,,0,4,,22086,14,,,0,6,,22037,14,,,0,6,,22047,14,,,0,6,,22089,14,,,0,47,,22057,14,,,0,6,,22067,14,,,0,7,,22091,14,,,0,7,,21944,14,,,0,7,,21952,14,,,0,7,,22093,14,,,0,7,,21962,14,,,0,7,,21972,14,,,0,7,,22095,14,,,0,47,,21980,14,,,0,7,,21991,14,,,0,7,,21999,14,,,0,7,,22010,14,,,0,7,,22085,14,,,0,7,,22019,14,,,0,7,,22029,14,,,0,6,,22087,14,,,0,7,,22038,14,,,0,46,,22048,14,,,0,7,,22090,14,,,0,7,,22058,14,,,0,7,,22068,14,,,0,6,,22092,14,,,0,5,,21945,14,,,0,5,,21953,14,,,0,6,,22094,14,,,0,6,,21963,14,,,0,7,,21973,14,,,0,47,,22096,14,,,0,7,,21981,14,,,0,7,,21992,14,,,0,7,,22000,14,,,0,8,,22011,14,,,0,6,,22020,14,,,0,6,,22030,14,,,0,8,,22088,14,,,0,49,,22039,14,,,0,10,,22049,14,,,0,10,,22059,14,,,0,10,,22069,14,,,0,10,,21946,14,,,0,10,,21954,14,,,0,50,,21964,14,,,0,10,,21974,14,,,0,11,,21982,14,,,0,14,,22001,14,,,0,8,,22012,14,,,0,8,,22021,14,,,0,47,,22031,14,,,0,7,,22040,14,,,0,15,,22050,14,,,0,15,,22060,14,,,0,15,,22070,14,,,0,55,,21955,14,,,0,15,,21965,14,,,0,15,,21983,14,,,0,15,,22002,14,,,0,55,,22022,14,,,0,15,,22041,14,,,0,15,,22051,14,,,0,15,,22061,14,,,0,55,,22071,14,,,0,15,,21956,14,,,0,15,,21966,14,,,0,15,,21984,14,,,0,55,,22003,14,,,0
20101,'pT1Oct12-Sunday-01',347,,31577,1,0,17 8,0,55,,31590,1,0,17 8,0,15,,31603,1,0,17 8,0,15,,31616,1,0,17 8,0,15,,31629,1,0,17 8,0,55,,31642,1,0,17 8,0,10,,31655,1,0,17 8,0,19,,31578,14,0,17 8,0,15,,31591,14,0,17 8,0,55,,31604,14,0,17 8,0,15,,31617,14,0,17 8,0,15,,31630,14,0,17 8,0,15,,31643,14,0,17 8,0,55,,31656,14,0,17 8,0,15,,31579,14,0,17 8,0,15,,31592,14,0,17 8,0,15,,31605,14,0,17 8,0,55,,31618,14,0,17 8,0,15,,31631,14,0,17 8,0,15,,31644,14,0,17 8,0,15,,31657,14,0,17 8,0,55,,31580,14,0,17 8,0,15,,31593,14,0,17 8,0,15,,31606,14,0,17 8,0,15,,31619,14,0,17 8,0,55,,31632,14,0,17 8,0,15,,31646,14,0,17 8,0,15,,31658,14,0,17 8,0,15,,31581,14,0,17 8,0,55,,31594,14,0,17 8,0,15,,31607,14,0,17 8,0,15,,31620,14,0,17 8,0,15,,31633,14,0,17 8,0,55,,31645,14,0,17 8,0,15,,31659,14,0,17 8,0,15,,31582,14,0,17 8,0,15,,31595,14,0,17 8,0,55,,31608,14,0,17 8,0,15,,31621,14,0,17 8,0,15,,31634,14,0,17 8,0,15,,31647,14,0,17 8,0,55,,31660,14,0,17 8,0,15,,31583,14,0,17 8,0,15,,31597,14,0,17 8,0,15,,31609,14,0,17 8,0,55,,31622,14,0,17 8,0,15,,31635,14,0,17 8,0,15,,31648,14,0,17 8,0,15,,31661,14,0,17 8,0,55,,31584,14,0,17 8,0,15,,31598,14,0,17 8,0,15,,31610,14,0,17 8,0,15,,31623,14,0,17 8,0,55,,31636,14,0,17 8,0,15,,31649,14,0,17 8,0,15,,31662,14,0,17 8,0,15,,31585,14,0,17 8,0,55,,31599,14,0,17 8,0,15,,31611,14,0,17 8,0,15,,31624,14,0,17 8,0,15,,31637,14,0,17 8,0,55,,31650,14,0,17 8,0,15,,31663,14,0,17 8,0,15,,31586,14,0,17 8,0,15,,31596,14,0,17 8,0,55,,31612,14,0,17 8,0,15,,31625,14,0,17 8,0,15,,31638,14,0,17 8,0,15,,31651,14,0,17 8,0,55,,31664,14,0,17 8,0,15,,31587,14,0,17 8,0,15,,31600,14,0,17 8,0,15,,31613,14,0,17 8,0,55,,31626,14,0,17 8,0,15,,31639,14,0,17 8,0,15,,31652,14,0,17 8,0,15,,31665,14,0,17 8,0,55,,31588,14,0,17 8,0,15,,31601,14,0,17 8,0,15,,31614,14,0,17 8,0,15,,31627,14,0,17 8,0,55,,31640,14,0,17 8,0,15,,31653,14,0,17 8,0,15,,31666,14,0,17 8,0,15,,31589,14,0,17 8,0,55,,31602,14,0,17 8,0,15,,31615,14,0,17 8,0,15,,31628,14,0,17 8,0,15,,31641,14,0,17 8,0,55,,31654,14,0,17 8,0
20101,'pT6Oct03-Saturday-01',450,,30232,8,,,0,55,,30059,8,,,0,15,,30231,8,,,0,15,,30134,8,,,0,15,,30140,8,,,0,55,,30076,8,,,0,15,,30082,8,,,0,15,,30088,8,,,0,15,,30093,8,,,0,55,,30098,8,,,0,15,,30103,8,,,0,15,,30108,8,,,0,15,,30114,8,,,0,55,,30119,8,,,0,15,,30124,8,,,0,15,,30129,8,,,0,15,,30135,8,,,0,55,,30141,8,,,0,15,,30077,8,,,0,15,,30083,8,,,0,15,,30089,8,,,0,55,,30094,8,,,0,15,,30099,8,,,0,15,,30105,8,,,0,15,,30109,8,,,0,55,,30115,8,,,0,15,,30120,8,,,0,15,,30125,8,,,0,15,,30130,8,,,0,55,,30136,8,,,0,15,,30142,8,,,0,15,,30078,8,,,0,15,,30084,8,,,0,55,,30091,8,,,0,15,,30095,8,,,0,15,,30102,8,,,0,15,,30104,8,,,0,55,,30110,8,,,0,15,,30116,8,,,0,15,,30121,8,,,0,15,,30126,8,,,0,55,,30131,8,,,0,15,,30137,8,,,0,15,,30143,8,,,0,15,,30079,8,,,0,55,,30085,8,,,0,15,,30090,8,,,0,15,,30096,8,,,0,15,,30101,8,,,0,55,,30106,8,,,0,15,,30111,8,,,0,15,,30117,8,,,0,15,,30122,8,,,0,55,,30127,8,,,0,15,,30132,8,,,0,15,,30138,8,,,0,15,,30144,8,,,0,55,,30080,8,,,0,15,,30086,8,,,0,15,,30092,8,,,0,15,,30097,8,,,0,55,,30100,8,,,0,15,,30107,8,,,0,15,,30112,8,,,0,15,,30118,8,,,0,55,,30123,8,,,0,15,,30128,8,,,0,15,,30133,8,,,0,15,,30139,8,,,0,55,,30145,8,,,0,15,,30081,8,,,0,15,,30087,8,,,0,15,,30113,8,,,0,55,,30061,8,,,0,15,,30064,8,,,0,15,,30065,8,,,0,15,,30067,8,,,0,55,,30069,8,,,0,15,,30072,8,,,0,15,,30073,8,,,0,15,,30074,8,,,0,55,,30075,8,,,0,15,,30060,8,,,0,15,,30062,8,,,0,15,,30063,8,,,0,55,,30066,8,,,0
20101,'pT6Oct10-Saturday-01',346,,31802,1,0,17 8,0,55,,31814,1,0,17 8,0,15,,31828,1,0,17 8,0,15,,31841,1,0,17 8,0,15,,31854,1,0,17 8,0,55,,31867,1,0,17 8,0,10,,31880,1,0,17 8,0,19,,31827,14,0,17 8,0,15,,31815,14,0,17 8,0,55,,31829,14,0,17 8,0,15,,31842,14,0,17 8,0,15,,31855,14,0,17 8,0,15,,31868,14,0,17 8,0,55,,31881,14,0,17 8,0,15,,31803,14,0,17 8,0,15,,31816,14,0,17 8,0,15,,31830,14,0,17 8,0,55,,31843,14,0,17 8,0,15,,31856,14,0,17 8,0,15,,31869,14,0,17 8,0,15,,31882,14,0,17 8,0,55,,31804,14,0,17 8,0,15,,31817,14,0,17 8,0,15,,31831,14,0,17 8,0,15,,31844,14,0,17 8,0,55,,31857,14,0,17 8,0,15,,31870,14,0,17 8,0,15,,31883,14,0,17 8,0,15,,31805,14,0,17 8,0,55,,31818,14,0,17 8,0,15,,31832,14,0,17 8,0,15,,31845,14,0,17 8,0,15,,31858,14,0,17 8,0,55,,31871,14,0,17 8,0,15,,31884,14,0,17 8,0,15,,31806,14,0,17 8,0,15,,31819,14,0,17 8,0,55,,31833,14,0,17 8,0,15,,31846,14,0,17 8,0,15,,31859,14,0,17 8,0,15,,31872,14,0,17 8,0,55,,31885,14,0,17 8,0,15,,31807,14,0,17 8,0,15,,31820,14,0,17 8,0,15,,31834,14,0,17 8,0,55,,31847,14,0,17 8,0,15,,31860,14,0,17 8,0,15,,31873,14,0,17 8,0,15,,31886,14,0,17 8,0,55,,31808,14,0,17 8,0,15,,31821,14,0,17 8,0,15,,31835,14,0,17 8,0,15,,31848,14,0,17 8,0,55,,31862,14,0,17 8,0,15,,31874,14,0,17 8,0,15,,31887,14,0,17 8,0,15,,31809,14,0,17 8,0,55,,31822,14,0,17 8,0,15,,31836,14,0,17 8,0,15,,31849,14,0,17 8,0,15,,31861,14,0,17 8,0,55,,31875,14,0,17 8,0,15,,31888,14,0,17 8,0,15,,31810,14,0,17 8,0,15,,31823,14,0,17 8,0,55,,31837,14,0,17 8,0,15,,31850,14,0,17 8,0,15,,31863,14,0,17 8,0,15,,31876,14,0,17 8,0,55,,31889,14,0,17 8,0,15,,31811,14,0,17 8,0,15,,31824,14,0,17 8,0,15,,31838,14,0,17 8,0,55,,31851,14,0,17 8,0,15,,31864,14,0,17 8,0,15,,31877,14,0,17 8,0,15,,31891,14,0,17 8,0,55,,31812,14,0,17 8,0,15,,31825,14,0,17 8,0,15,,31839,14,0,17 8,0,15,,31852,14,0,17 8,0,55,,31865,14,0,17 8,0,15,,31878,14,0,17 8,0,15,,31890,14,0,17 8,0,15,,31813,14,0,17 8,0,55,,31826,14,0,17 8,0,15,,31840,14,0,17 8,0,15,,31853,14,0,17 8,0,15,,31866,14,0,17 8,0,55,,31879,14,0,17 8,0
20101,'pT7Oct04-Sunday-01',450,,30233,8,,,0,55,,30246,8,,,0,15,,30259,8,,,0,15,,30271,8,,,0,15,,30284,8,,,0,55,,30297,8,,,0,15,,30310,8,,,0,15,,30234,8,,,0,15,,30247,8,,,0,55,,30260,8,,,0,15,,30272,8,,,0,15,,30285,8,,,0,15,,30298,8,,,0,55,,30311,8,,,0,15,,30235,8,,,0,15,,30248,8,,,0,15,,30261,8,,,0,55,,30273,8,,,0,15,,30286,8,,,0,15,,30299,8,,,0,15,,30312,8,,,0,55,,30236,8,,,0,15,,30249,8,,,0,15,,30262,8,,,0,15,,30274,8,,,0,55,,30287,8,,,0,15,,30300,8,,,0,15,,30313,8,,,0,15,,30237,8,,,0,55,,30250,8,,,0,15,,30263,8,,,0,15,,30275,8,,,0,15,,30288,8,,,0,55,,30301,8,,,0,15,,30314,8,,,0,15,,30238,8,,,0,15,,30251,8,,,0,55,,30264,8,,,0,15,,30276,8,,,0,15,,30289,8,,,0,15,,30302,8,,,0,55,,30315,8,,,0,15,,30239,8,,,0,15,,30252,8,,,0,15,,30265,8,,,0,55,,30277,8,,,0,15,,30290,8,,,0,15,,30303,8,,,0,15,,30316,8,,,0,55,,30240,8,,,0,15,,30253,8,,,0,15,,30266,8,,,0,15,,30278,8,,,0,55,,30291,8,,,0,15,,30304,8,,,0,15,,30317,8,,,0,15,,30241,8,,,0,55,,30254,8,,,0,15,,30267,8,,,0,15,,30279,8,,,0,15,,30292,8,,,0,55,,30305,8,,,0,15,,30318,8,,,0,15,,30243,8,,,0,15,,30255,8,,,0,55,,30268,8,,,0,15,,30280,8,,,0,15,,30293,8,,,0,15,,30306,8,,,0,55,,30319,8,,,0,15,,30242,8,,,0,15,,30256,8,,,0,15,,30269,8,,,0,55,,30282,8,,,0,15,,30294,8,,,0,15,,30307,8,,,0,15,,30320,8,,,0,55,,30244,8,,,0,15,,30257,8,,,0,15,,30270,8,,,0,15,,30281,8,,,0,55,,30295,8,,,0,15,,30308,8,,,0,15,,30321,8,,,0,15,,30245,8,,,0,55,,30258,8,,,0
20101,'pT7Oct11-Sunday-01',347,,32246,1,0,17 8,0,55,,32247,1,0,17 8,0,15,,32248,1,0,17 8,0,15,,32249,1,0,17 8,0,15,,32250,1,0,17 8,0,55,,32245,1,0,17 8,0,10,,32251,1,0,17 8,0,19,,32163,14,0,17 8,0,15,,32164,14,0,17 8,0,55,,32165,14,0,17 8,0,15,,32166,14,0,17 8,0,15,,32167,14,0,17 8,0,15,,32168,14,0,17 8,0,55,,32169,14,0,17 8,0,15,,32170,14,0,17 8,0,15,,32171,14,0,17 8,0,15,,32172,14,0,17 8,0,55,,32173,14,0,17 8,0,15,,32174,14,0,17 8,0,15,,32175,14,0,17 8,0,15,,32176,14,0,17 8,0,55,,32177,14,0,17 8,0,15,,32178,14,0,17 8,0,15,,32179,14,0,17 8,0,15,,32180,14,0,17 8,0,55,,32181,14,0,17 8,0,15,,32182,14,0,17 8,0,15,,32183,14,0,17 8,0,15,,32184,14,0,17 8,0,55,,32185,14,0,17 8,0,15,,32186,14,0,17 8,0,15,,32187,14,0,17 8,0,15,,32188,14,0,17 8,0,55,,32189,14,0,17 8,0,15,,32190,14,0,17 8,0,15,,32191,14,0,17 8,0,15,,32192,14,0,17 8,0,55,,32193,14,0,17 8,0,15,,32194,14,0,17 8,0,15,,32195,14,0,17 8,0,15,,32196,14,0,17 8,0,55,,32197,14,0,17 8,0,15,,32198,14,0,17 8,0,15,,32199,14,0,17 8,0,15,,32200,14,0,17 8,0,55,,32201,14,0,17 8,0,15,,32202,14,0,17 8,0,15,,32203,14,0,17 8,0,15,,32204,14,0,17 8,0,55,,32205,14,0,17 8,0,15,,32206,14,0,17 8,0,15,,32207,14,0,17 8,0,15,,32208,14,0,17 8,0,55,,32209,14,0,17 8,0,15,,32210,14,0,17 8,0,15,,32211,14,0,17 8,0,15,,32212,14,0,17 8,0,55,,32213,14,0,17 8,0,15,,32214,14,0,17 8,0,15,,32215,14,0,17 8,0,15,,32216,14,0,17 8,0,55,,32217,14,0,17 8,0,15,,32218,14,0,17 8,0,15,,32219,14,0,17 8,0,15,,32220,14,0,17 8,0,55,,32221,14,0,17 8,0,15,,32222,14,0,17 8,0,15,,32223,14,0,17 8,0,15,,32224,14,0,17 8,0,55,,32225,14,0,17 8,0,15,,32226,14,0,17 8,0,15,,32227,14,0,17 8,0,15,,32228,14,0,17 8,0,55,,32229,14,0,17 8,0,15,,32230,14,0,17 8,0,15,,32231,14,0,17 8,0,15,,32232,14,0,17 8,0,55,,32233,14,0,17 8,0,15,,32234,14,0,17 8,0,15,,32235,14,0,17 8,0,15,,32236,14,0,17 8,0,55,,32237,14,0,17 8,0,15,,32238,14,0,17 8,0,15,,32239,14,0,17 8,0,15,,32240,14,0,17 8,0,55,,32241,14,0,17 8,0,15,,32242,14,0,17 8,0,15,,32243,14,0,17 8,0,15,,32244,14,0,17 8,0,55,,32031,14,0,17 8,0
20200,'Saturday-00',533,,22676,12,,,0,10,,22686,12,,,0,10,,22698,12,,,0,50,,22708,12,,,0,10,,22721,12,,,0,10,,22733,12,,,0,10,,22743,12,,,0,10,,22755,12,,,0,10,,22767,12,,,0,50,,22777,12,,,0,10,,22789,12,,,0,10,,22677,12,,,0,10,,22687,12,,,0,10,,22699,12,,,0,10,,22709,12,,,0,50,,22722,12,,,0,10,,22734,12,,,0,10,,22744,12,,,0,10,,22756,12,,,0,10,,22768,12,,,0,10,,22778,12,,,0,50,,22790,12,,,0,10,,22678,12,,,0,10,,22688,12,,,0,10,,22700,12,,,0,10,,22710,12,,,0,10,,22723,12,,,0,50,,22735,12,,,0,10,,22745,12,,,0,10,,22757,12,,,0,10,,22769,12,,,0,10,,22779,12,,,0,10,,22791,12,,,0,50,,22679,12,,,0,10,,22689,12,,,0,10,,22701,12,,,0,10,,22711,12,,,0,10,,22724,12,,,0,10,,22736,12,,,0,50,,22746,12,,,0,10,,22758,12,,,0,10,,22770,12,,,0,10,,22780,12,,,0,10,,22792,12,,,0,10,,22680,12,,,0,50,,22690,12,,,0,10,,22702,12,,,0,10,,22712,12,,,0,10,,22725,12,,,0,10,,22737,12,,,0,10,,22747,12,,,0,50,,22759,12,,,0,10,,22771,12,,,0,10,,22781,12,,,0,10,,22793,12,,,0,10,,22681,12,,,0,10,,22691,12,,,0,50,,22703,12,,,0,10,,22714,12,,,0,10,,22726,12,,,0,10,,22738,12,,,0,10,,22748,12,,,0,10,,22760,12,,,0,50,,22772,12,,,0,10,,22782,12,,,0,10,,22794,12,,,0,10,,22682,12,,,0,10,,22692,12,,,0,10,,22704,12,,,0,50,,22713,12,,,0,10,,22727,12,,,0,10,,22739,12,,,0,10,,22749,12,,,0,10,,22761,12,,,0,10,,22773,12,,,0,50,,22783,12,,,0,10,,22795,12,,,0,10,,22683,12,,,0,10,,22693,12,,,0,10,,22705,12,,,0,10,,22715,12,,,0,50,,22728,12,,,0,10,,22740,12,,,0,10,,22750,12,,,0,10,,22762,12,,,0,10,,22774,12,,,0,10,,22785,12,,,0,50,,22796,12,,,0,10,,22684,12,,,0,10,,22694,12,,,0,10,,22706,12,,,0,10,,22716,12,,,0,10,,22729,12,,,0,50,,22741,12,,,0,10,,22751,12,,,0,10,,22763,12,,,0,10,,22775,12,,,0,10,,22784,12,,,0,10,,22797,12,,,0,50,,22685,12,,,0,8,,22695,12,,,0,15,,22717,12,,,0,15,,22730,12,,,0,15,,22752,12,,,0,55,,22764,12,,,0,15,,22786,12,,,0,15,,22798,12,,,0,15,,22696,12,,,0,55,,22718,12,,,0,15,,22731,12,,,0,15,,22753,12,,,0,15,,22765,12,,,0,55,,22787,12,,,0,15,,22799,12,,,0,15,,22697,12,,,0,15,,22719,12,,,0
20200,'Sunday-00',533,,22800,12,,,0,10,,22810,12,,,0,10,,22822,12,,,0,50,,22831,12,,,0,10,,22845,12,,,0,10,,22857,12,,,0,10,,22868,12,,,0,10,,22879,12,,,0,10,,22891,12,,,0,50,,22901,12,,,0,10,,22913,12,,,0,10,,22802,12,,,0,10,,22811,12,,,0,10,,22823,12,,,0,10,,22835,12,,,0,50,,22846,12,,,0,10,,22858,12,,,0,10,,22867,12,,,0,10,,22880,12,,,0,10,,22892,12,,,0,10,,22902,12,,,0,50,,22914,12,,,0,10,,22801,12,,,0,10,,22812,12,,,0,10,,22824,12,,,0,10,,22832,12,,,0,10,,22847,12,,,0,50,,22859,12,,,0,10,,22869,12,,,0,10,,22881,12,,,0,10,,22893,12,,,0,10,,22903,12,,,0,10,,22915,12,,,0,50,,22803,12,,,0,10,,22813,12,,,0,10,,22825,12,,,0,10,,22833,12,,,0,10,,22848,12,,,0,10,,22860,12,,,0,50,,22870,12,,,0,10,,22882,12,,,0,10,,22894,12,,,0,10,,22905,12,,,0,10,,22916,12,,,0,10,,22804,12,,,0,50,,22814,12,,,0,10,,22826,12,,,0,10,,22836,12,,,0,10,,22849,12,,,0,10,,22861,12,,,0,10,,22871,12,,,0,50,,22883,12,,,0,10,,22895,12,,,0,10,,22904,12,,,0,10,,22917,12,,,0,10,,22805,12,,,0,10,,22815,12,,,0,50,,22827,12,,,0,10,,22837,12,,,0,10,,22850,12,,,0,10,,22862,12,,,0,10,,22872,12,,,0,10,,22884,12,,,0,50,,22896,12,,,0,10,,22906,12,,,0,10,,22918,12,,,0,10,,22806,12,,,0,10,,22816,12,,,0,10,,22828,12,,,0,50,,22838,12,,,0,10,,22851,12,,,0,10,,22863,12,,,0,10,,22873,12,,,0,10,,22885,12,,,0,10,,22897,12,,,0,50,,22907,12,,,0,10,,22919,12,,,0,10,,22807,12,,,0,10,,22817,12,,,0,10,,22829,12,,,0,10,,22839,12,,,0,50,,22852,12,,,0,10,,22864,12,,,0,10,,22874,12,,,0,10,,22886,12,,,0,10,,22898,12,,,0,10,,22908,12,,,0,50,,22920,12,,,0,10,,22808,12,,,0,10,,22818,12,,,0,10,,22834,12,,,0,10,,22840,12,,,0,10,,22853,12,,,0,50,,22865,12,,,0,10,,22875,12,,,0,10,,22887,12,,,0,10,,22899,12,,,0,10,,22909,12,,,0,10,,22921,12,,,0,50,,22809,12,,,0,8,,22819,12,,,0,15,,22841,12,,,0,15,,22854,12,,,0,15,,22876,12,,,0,55,,22888,12,,,0,15,,22910,12,,,0,15,,22922,12,,,0,15,,22820,12,,,0,55,,22842,12,,,0,15,,22855,12,,,0,15,,22877,12,,,0,15,,22889,12,,,0,55,,22911,12,,,0,15,,22923,12,,,0,15,,22821,12,,,0,15,,22843,12,,,0
20200,'Weekday-00',453,,22924,12,,,0,52,,22925,12,,,0,9,,22926,12,,,0,11,,22927,12,,,0,10,,22928,12,,,0,10,,22929,12,,,0,10,,22930,12,,,0,50,,22931,12,,,0,9,,22932,12,,,0,10,,22933,12,,,0,5,,22934,12,,,0,5,,22935,12,,,0,5,,22936,12,,,0,5,,22937,12,,,0,5,,22938,12,,,0,5,,22939,12,,,0,5,,22940,12,,,0,45,,22941,12,,,0,5,,22942,12,,,0,5,,22943,12,,,0,5,,22944,12,,,0,5,,22946,12,,,0,5,,22947,12,,,0,5,,22948,12,,,0,5,,22945,12,,,0,5,,22949,12,,,0,5,,22951,12,,,0,5,,22952,12,,,0,5,,22953,12,,,0,45,,22950,12,,,0,5,,22954,12,,,0,5,,22955,12,,,0,5,,22957,12,,,0,5,,22958,12,,,0,5,,22959,12,,,0,5,,22956,12,,,0,5,,22960,12,,,0,5,,22961,12,,,0,5,,22964,12,,,0,5,,22965,12,,,0,5,,22962,12,,,0,46,,22963,12,,,0,5,,22966,12,,,0,5,,22967,12,,,0,5,,22968,12,,,0,5,,22969,12,,,0,5,,23080,12,,,0,5,,22970,12,,,0,5,,23081,12,,,0,5,,22971,12,,,0,5,,23078,12,,,0,5,,22972,12,,,0,50,,22973,12,,,0,10,,22974,12,,,0,10,,22975,12,,,0,10,,22976,12,,,0,6,,22977,12,,,0,10,,22978,12,,,0,50,,22979,12,,,0,10,,22980,12,,,0,10,,22981,12,,,0,10,,22982,12,,,0,10,,22983,12,,,0,10,,22984,12,,,0,50,,22985,12,,,0,10,,22986,12,,,0,10,,22987,12,,,0,10,,22988,12,,,0,10,,22989,12,,,0,10,,22990,12,,,0,50,,22991,12,,,0,10,,22992,12,,,0,10,,22993,12,,,0,10,,22994,12,,,0,10,,22995,12,,,0,10,,22996,12,,,0,50,,22997,12,,,0,10,,22998,12,,,0,10,,22999,12,,,0,12,,23000,12,,,0,8,,23001,12,,,0,13,,23002,12,,,0,50,,23003,12,,,0,10,,23004,12,,,0,5,,23005,12,,,0,5,,23006,12,,,0,5,,23007,12,,,0,5,,23008,12,,,0,5,,23009,12,,,0,5,,23010,12,,,0,4,,23011,12,,,0,6,,23012,12,,,0,5,,23013,12,,,0,45,,23014,12,,,0,5,,23015,12,,,0,5,,23016,12,,,0,5,,23017,12,,,0,5,,23018,12,,,0,5,,23019,12,,,0,5,,23020,12,,,0,5,,23022,12,,,0,5,,23023,12,,,0,5,,23024,12,,,0,5,,23021,12,,,0,5,,23026,12,,,0,45,,23027,12,,,0,5,,23028,12,,,0,5,,23025,12,,,0,5,,23029,12,,,0,5,,23030,12,,,0,5,,23032,12,,,0,5,,23033,12,,,0,5,,23034,12,,,0,5,,23031,12,,,0,4,,23035,12,,,0,5,,23036,12,,,0,5,,23039,12,,,0,45,,23040,12,,,0,4,,23037,12,,,0,5,,23038,12,,,0,5,,23041,12,,,0,5,,23042,12,,,0,5,,23077,12,,,0,5,,23043,12,,,0,4,,23079,12,,,0,4,,23073,12,,,0,3,,23044,12,,,0,4,,23074,12,,,0,5,,23045,12,,,0,5,,23075,12,,,0,45,,23046,12,,,0,5,,23076,12,,,0,5,,23047,12,,,0,10,,23048,12,,,0,10,,23049,12,,,0,10,,23050,12,,,0,10,,23051,12,,,0,50,,23052,12,,,0,10,,23053,12,,,0,10,,23054,12,,,0,10,,23055,12,,,0,10,,23056,12,,,0,10,,23057,12,,,0,50,,23058,12,,,0,9,,23059,12,,,0,12,,23088,12,,,0,14,,23089,12,,,0,8,,23087,12,,,0,8,,23090,12,,,0,54,,23091,12,,,0,15,,23092,12,,,0,15,,23093,12,,,0,15,,23095,12,,,0,55,,23096,12,,,0,15,,23097,12,,,0,15,,23094,12,,,0,15,,23098,12,,,0,55,,23099,12,,,0,15,,23100,12,,,0,15,,23101,12,,,0,15,,23102,12,,,0,55,,23103,12,,,0,15,,23104,12,,,0,15,,23105,12,,,0,20,,23060,12,,,0
20200,'LR3Sep30-Saturday-01',453,,23106,12,,,0,51,,23114,12,,,0,10,,23126,12,,,0,10,,23139,12,,,0,10,,23152,12,,,0,10,,23232,12,,,0,10,,23171,12,,,0,51,,23236,12,,,0,10,,23196,12,,,0,9,,23209,12,,,0,10,,23216,12,,,0,7,,23107,12,,,0,7,,23115,12,,,0,7,,23227,12,,,0,47,,23127,12,,,0,7,,23140,12,,,0,7,,23229,12,,,0,7,,23153,12,,,0,7,,23161,12,,,0,7,,23233,12,,,0,7,,23172,12,,,0,7,,23184,12,,,0,7,,23237,12,,,0,47,,23197,12,,,0,7,,23210,12,,,0,7,,23240,12,,,0,7,,23217,12,,,0,7,,23108,12,,,0,7,,23116,12,,,0,7,,23228,12,,,0,7,,23128,12,,,0,47,,23141,12,,,0,7,,23230,12,,,0,7,,23154,12,,,0,7,,23162,12,,,0,6,,23234,12,,,0,7,,23173,12,,,0,6,,23185,12,,,0,8,,23238,12,,,0,6,,23198,12,,,0,46,,23211,12,,,0,7,,23241,12,,,0,9,,23218,12,,,0,8,,23109,12,,,0,10,,23117,12,,,0,6,,23129,12,,,0,10,,23142,12,,,0,50,,23155,12,,,0,10,,23163,12,,,0,10,,23174,12,,,0,10,,23186,12,,,0,10,,23199,12,,,0,10,,23212,12,,,0,50,,23219,12,,,0,10,,23110,12,,,0,10,,23118,12,,,0,10,,23130,12,,,0,10,,23143,12,,,0,10,,23156,12,,,0,50,,23164,12,,,0,10,,23175,12,,,0,10,,23187,12,,,0,10,,23200,12,,,0,10,,23213,12,,,0,10,,23220,12,,,0,50,,23111,12,,,0,10,,23119,12,,,0,10,,23131,12,,,0,12,,23144,12,,,0,8,,23157,12,,,0,13,,23165,12,,,0,50,,23176,12,,,0,9,,23188,12,,,0,9,,23201,12,,,0,7,,23214,12,,,0,8,,23242,12,,,0,7,,23221,12,,,0,7,,23246,12,,,0,7,,23112,12,,,0,46,,23120,12,,,0,7,,23132,12,,,0,7,,23145,12,,,0,7,,23251,12,,,0,7,,23158,12,,,0,7,,23166,12,,,0,7,,23254,12,,,0,7,,23177,12,,,0,47,,23189,12,,,0,7,,23257,12,,,0,7,,23202,12,,,0,7,,23215,12,,,0,7,,23243,12,,,0,7,,23222,12,,,0,7,,23247,12,,,0,6,,23113,12,,,0,7,,23121,12,,,0,46,,23133,12,,,0,7,,23146,12,,,0,6,,23252,12,,,0,6,,23159,12,,,0,6,,23167,12,,,0,7,,23255,12,,,0,4,,23178,12,,,0,7,,23190,12,,,0,6,,23258,12,,,0,7,,23203,12,,,0,47,,23244,12,,,0,7,,23223,12,,,0,11,,23248,12,,,0,10,,23122,12,,,0,11,,23134,12,,,0,9,,23147,12,,,0,50,,23168,12,,,0,10,,23179,12,,,0,10,,23191,12,,,0,10,,23204,12,,,0,10,,23245,12,,,0,10,,23224,12,,,0,50,,23249,12,,,0,10,,23123,12,,,0,11,,23135,12,,,0,11,,23148,12,,,0,11,,23169,12,,,0,8,,23180,12,,,0,54,,23192,12,,,0,15,,23205,12,,,0,15,,23225,12,,,0,15,,23124,12,,,0,55,,23136,12,,,0,15,,23149,12,,,0,15,,23181,12,,,0,15,,23193,12,,,0,55,,23206,12,,,0,15,,23226,12,,,0,15,,23125,12,,,0,15,,23137,12,,,0,55,,23150,12,,,0,15,,23182,12,,,0,15,,23194,12,,,0,20,,23207,12,,,0
20200,'pT1Oct12-Sunday-01',533,,32252,12,,,0,10,,32262,12,,,0,10,,32274,12,,,0,50,,32283,12,,,0,10,,32297,12,,,0,10,,32309,12,,,0,10,,32320,12,,,0,10,,32331,12,,,0,10,,32343,12,,,0,50,,32353,12,,,0,10,,32365,12,,,0,10,,32254,12,,,0,10,,32263,12,,,0,10,,32275,12,,,0,10,,32285,12,,,0,50,,32298,12,,,0,10,,32310,12,,,0,10,,32319,12,,,0,10,,32332,12,,,0,10,,32344,12,,,0,10,,32354,12,,,0,50,,32366,12,,,0,10,,32253,12,,,0,10,,32264,12,,,0,10,,32276,12,,,0,10,,32284,12,,,0,10,,32299,12,,,0,50,,32311,12,,,0,10,,32321,12,,,0,10,,32333,12,,,0,10,,32345,12,,,0,10,,32355,12,,,0,10,,32367,12,,,0,50,,32255,12,,,0,10,,32265,12,,,0,10,,32277,12,,,0,10,,32286,12,,,0,10,,32301,12,,,0,10,,32312,12,,,0,50,,32322,12,,,0,10,,32334,12,,,0,10,,32346,12,,,0,10,,32357,12,,,0,10,,32368,12,,,0,10,,32256,12,,,0,50,,32266,12,,,0,10,,32279,12,,,0,10,,32288,12,,,0,10,,32300,12,,,0,10,,32313,12,,,0,10,,32323,12,,,0,50,,32336,12,,,0,10,,32347,12,,,0,10,,32356,12,,,0,10,,32369,12,,,0,10,,32257,12,,,0,10,,32267,12,,,0,50,,32278,12,,,0,10,,32289,12,,,0,10,,32302,12,,,0,10,,32314,12,,,0,10,,32324,12,,,0,10,,32335,12,,,0,50,,32348,12,,,0,10,,32358,12,,,0,10,,32370,12,,,0,10,,32258,12,,,0,10,,32268,12,,,0,10,,32280,12,,,0,50,,32290,12,,,0,10,,32303,12,,,0,10,,32315,12,,,0,10,,32325,12,,,0,10,,32337,12,,,0,10,,32349,12,,,0,50,,32359,12,,,0,10,,32371,12,,,0,10,,32259,12,,,0,10,,32269,12,,,0,10,,32281,12,,,0,10,,32291,12,,,0,50,,32304,12,,,0,10,,32316,12,,,0,10,,32326,12,,,0,10,,32338,12,,,0,10,,32350,12,,,0,10,,32360,12,,,0,50,,32372,12,,,0,10,,32260,12,,,0,10,,32270,12,,,0,10,,32287,12,,,0,10,,32292,12,,,0,10,,32305,12,,,0,50,,32317,12,,,0,10,,32328,12,,,0,10,,32339,12,,,0,10,,32351,12,,,0,10,,32361,12,,,0,10,,32373,12,,,0,50,,32261,12,,,0,8,,32271,12,,,0,15,,32293,12,,,0,15,,32306,12,,,0,15,,32327,12,,,0,55,,32340,12,,,0,15,,32363,12,,,0,15,,32374,12,,,0,15,,32272,12,,,0,55,,32294,12,,,0,15,,32307,12,,,0,15,,32329,12,,,0,15,,32341,12,,,0,51,,32382,1,,,0,4,,32362,12,,,0,11,,32376,1,,,0,4,,32375,12,,,0,11,,32377,1,,,0,4,,32273,12,,,0,11,,32378,1,,,0,4,,32295,12,,,0,51,,32379,1,,,0,15,,32380,1,,,0,15,,32381,1,,,0
20200,'pT6Oct03-Saturday-01',533,,30407,12,,,0,10,,30417,12,,,0,10,,30429,12,,,0,50,,30439,12,,,0,10,,30452,12,,,0,10,,30464,12,,,0,10,,30474,12,,,0,10,,30486,12,,,0,10,,30498,12,,,0,50,,30508,12,,,0,10,,30520,12,,,0,10,,30408,12,,,0,10,,30418,12,,,0,10,,30430,12,,,0,10,,30440,12,,,0,50,,30453,12,,,0,10,,30465,12,,,0,10,,30475,12,,,0,10,,30487,12,,,0,10,,30499,12,,,0,10,,30509,12,,,0,50,,30521,12,,,0,10,,30409,12,,,0,10,,30419,12,,,0,10,,30431,12,,,0,10,,30441,12,,,0,10,,30454,12,,,0,50,,30466,12,,,0,10,,30476,12,,,0,10,,30488,12,,,0,10,,30500,12,,,0,10,,30510,12,,,0,10,,30522,12,,,0,50,,30410,12,,,0,10,,30420,12,,,0,10,,30432,12,,,0,10,,30442,12,,,0,10,,30456,12,,,0,10,,30467,12,,,0,50,,30477,12,,,0,10,,30489,12,,,0,10,,30501,12,,,0,10,,30511,12,,,0,10,,30523,12,,,0,10,,30411,12,,,0,50,,30421,12,,,0,10,,30433,12,,,0,10,,30443,12,,,0,10,,30455,12,,,0,10,,30468,12,,,0,10,,30478,12,,,0,50,,30490,12,,,0,10,,30502,12,,,0,10,,30512,12,,,0,10,,30524,12,,,0,10,,30412,12,,,0,10,,30422,12,,,0,50,,30434,12,,,0,10,,30445,12,,,0,10,,30457,12,,,0,10,,30469,12,,,0,10,,30479,12,,,0,10,,30491,12,,,0,50,,30503,12,,,0,10,,30513,12,,,0,10,,30525,12,,,0,10,,30413,12,,,0,10,,30423,12,,,0,10,,30435,12,,,0,50,,30444,12,,,0,10,,30458,12,,,0,10,,30470,12,,,0,10,,30480,12,,,0,10,,30492,12,,,0,10,,30504,12,,,0,50,,30514,12,,,0,10,,30526,12,,,0,10,,30414,12,,,0,10,,30424,12,,,0,10,,30436,12,,,0,10,,30446,12,,,0,50,,30459,12,,,0,10,,30471,12,,,0,10,,30481,12,,,0,10,,30493,12,,,0,10,,30505,12,,,0,10,,30516,12,,,0,50,,30527,12,,,0,10,,30415,12,,,0,10,,30425,12,,,0,10,,30437,12,,,0,10,,30447,12,,,0,10,,30460,12,,,0,50,,30472,12,,,0,10,,30482,12,,,0,10,,30494,12,,,0,10,,30506,12,,,0,10,,30515,12,,,0,10,,30528,12,,,0,50,,30416,12,,,0,8,,30426,12,,,0,15,,30448,12,,,0,15,,30461,12,,,0,15,,30483,12,,,0,55,,30495,12,,,0,15,,30517,12,,,0,15,,30529,12,,,0,15,,30427,12,,,0,55,,30449,12,,,0,15,,30462,12,,,0,15,,30484,12,,,0,15,,30496,12,,,0,55,,30518,12,,,0,15,,30530,12,,,0,15,,30428,12,,,0,15,,30450,12,,,0
20200,'pT6Oct10-Saturday-01',533,,32390,12,,,0,10,,32400,12,,,0,10,,32412,12,,,0,50,,32422,12,,,0,10,,32435,12,,,0,10,,32446,12,,,0,10,,32457,12,,,0,10,,32469,12,,,0,10,,32481,12,,,0,50,,32491,12,,,0,10,,32503,12,,,0,10,,32391,12,,,0,10,,32401,12,,,0,10,,32413,12,,,0,10,,32423,12,,,0,50,,32436,12,,,0,10,,32447,12,,,0,10,,32458,12,,,0,10,,32470,12,,,0,10,,32482,12,,,0,10,,32492,12,,,0,50,,32504,12,,,0,10,,32392,12,,,0,10,,32402,12,,,0,10,,32414,12,,,0,10,,32424,12,,,0,10,,32437,12,,,0,50,,32451,12,,,0,10,,32459,12,,,0,10,,32471,12,,,0,10,,32483,12,,,0,10,,32493,12,,,0,10,,32505,12,,,0,50,,32393,12,,,0,10,,32403,12,,,0,10,,32415,12,,,0,10,,32425,12,,,0,10,,32438,12,,,0,10,,32448,12,,,0,50,,32460,12,,,0,10,,32472,12,,,0,10,,32484,12,,,0,10,,32494,12,,,0,10,,32506,12,,,0,10,,32397,12,,,0,50,,32404,12,,,0,10,,32416,12,,,0,10,,32426,12,,,0,10,,32439,12,,,0,10,,32449,12,,,0,10,,32461,12,,,0,50,,32473,12,,,0,10,,32485,12,,,0,10,,32495,12,,,0,10,,32507,12,,,0,10,,32394,12,,,0,10,,32405,12,,,0,50,,32417,12,,,0,10,,32427,12,,,0,10,,32440,12,,,0,10,,32452,12,,,0,10,,32462,12,,,0,10,,32474,12,,,0,50,,32486,12,,,0,10,,32496,12,,,0,10,,32508,12,,,0,10,,32395,12,,,0,10,,32406,12,,,0,10,,32418,12,,,0,50,,32428,12,,,0,10,,32441,12,,,0,10,,32453,12,,,0,10,,32463,12,,,0,10,,32475,12,,,0,10,,32487,12,,,0,50,,32497,12,,,0,10,,32509,12,,,0,10,,32396,12,,,0,10,,32407,12,,,0,10,,32419,12,,,0,10,,32429,12,,,0,50,,32442,12,,,0,10,,32454,12,,,0,10,,32464,12,,,0,10,,32476,12,,,0,10,,32488,12,,,0,10,,32498,12,,,0,50,,32510,12,,,0,10,,32398,12,,,0,10,,32408,12,,,0,10,,32420,12,,,0,10,,32430,12,,,0,10,,32443,12,,,0,50,,32455,12,,,0,10,,32465,12,,,0,10,,32477,12,,,0,10,,32489,12,,,0,10,,32499,12,,,0,10,,32511,12,,,0,50,,32399,12,,,0,8,,32409,12,,,0,15,,32431,12,,,0,15,,32444,12,,,0,15,,32466,12,,,0,55,,32478,12,,,0,15,,32500,12,,,0,15,,32512,12,,,0,15,,32410,12,,,0,55,,32432,12,,,0,15,,32445,12,,,0,15,,32467,12,,,0,15,,32479,12,,,0,50,,32389,1,,,0,5,,32501,12,,,0,10,,32383,1,,,0,5,,32513,12,,,0,10,,32384,1,,,0,5,,32411,12,,,0,10,,32385,1,,,0,5,,32433,12,,,0,50,,32386,1,,,0,15,,32387,1,,,0,15,,32388,1,,,0
20200,'pT7Oct04-Sunday-01',533,,30531,12,,,0,10,,30541,12,,,0,10,,30553,12,,,0,50,,30562,12,,,0,10,,30576,12,,,0,10,,30588,12,,,0,10,,30599,12,,,0,10,,30610,12,,,0,10,,30622,12,,,0,50,,30632,12,,,0,10,,30644,12,,,0,10,,30533,12,,,0,10,,30542,12,,,0,10,,30554,12,,,0,10,,30566,12,,,0,50,,30577,12,,,0,10,,30589,12,,,0,10,,30598,12,,,0,10,,30611,12,,,0,10,,30623,12,,,0,10,,30633,12,,,0,50,,30645,12,,,0,10,,30532,12,,,0,10,,30543,12,,,0,10,,30555,12,,,0,10,,30563,12,,,0,10,,30578,12,,,0,50,,30590,12,,,0,10,,30600,12,,,0,10,,30612,12,,,0,10,,30624,12,,,0,10,,30634,12,,,0,10,,30646,12,,,0,50,,30534,12,,,0,10,,30544,12,,,0,10,,30556,12,,,0,10,,30564,12,,,0,10,,30580,12,,,0,10,,30591,12,,,0,50,,30601,12,,,0,10,,30613,12,,,0,10,,30625,12,,,0,10,,30636,12,,,0,10,,30647,12,,,0,10,,30535,12,,,0,50,,30545,12,,,0,10,,30558,12,,,0,10,,30567,12,,,0,10,,30579,12,,,0,10,,30592,12,,,0,10,,30602,12,,,0,50,,30615,12,,,0,10,,30626,12,,,0,10,,30635,12,,,0,10,,30648,12,,,0,10,,30536,12,,,0,10,,30546,12,,,0,50,,30557,12,,,0,10,,30568,12,,,0,10,,30581,12,,,0,10,,30593,12,,,0,10,,30603,12,,,0,10,,30614,12,,,0,50,,30627,12,,,0,10,,30637,12,,,0,10,,30650,12,,,0,10,,30537,12,,,0,10,,30547,12,,,0,10,,30559,12,,,0,50,,30569,12,,,0,10,,30582,12,,,0,10,,30594,12,,,0,10,,30604,12,,,0,10,,30616,12,,,0,10,,30628,12,,,0,50,,30638,12,,,0,10,,30649,12,,,0,10,,30538,12,,,0,10,,30548,12,,,0,10,,30560,12,,,0,10,,30570,12,,,0,50,,30583,12,,,0,10,,30595,12,,,0,10,,30605,12,,,0,10,,30617,12,,,0,10,,30629,12,,,0,10,,30639,12,,,0,50,,30651,12,,,0,10,,30539,12,,,0,10,,30549,12,,,0,10,,30565,12,,,0,10,,30571,12,,,0,10,,30584,12,,,0,50,,30596,12,,,0,10,,30606,12,,,0,10,,30618,12,,,0,10,,30630,12,,,0,10,,30640,12,,,0,10,,30652,12,,,0,50,,30540,12,,,0,8,,30550,12,,,0,15,,30572,12,,,0,15,,30585,12,,,0,15,,30607,12,,,0,55,,30619,12,,,0,15,,30641,12,,,0,15,,30653,12,,,0,15,,30551,12,,,0,55,,30573,12,,,0,15,,30586,12,,,0,15,,30608,12,,,0,15,,30620,12,,,0,55,,30642,12,,,0,15,,30654,12,,,0,15,,30552,12,,,0,15,,30574,12,,,0
20200,'pT7Oct11-Sunday-01',527,,32603,12,,,0,15,,32598,12,,,0,15,,32594,12,,,0,55,,32595,12,,,0,15,,32601,12,,,0,15,,32597,12,,,0,15,,32602,12,,,0,55,,32599,12,,,0,15,,32596,12,,,0,15,,32600,12,,,0,15,,32565,12,,,0,55,,32566,12,,,0,15,,32567,12,,,0,15,,32568,12,,,0,15,,32569,12,,,0,55,,32571,12,,,0,15,,32570,12,,,0,15,,32572,12,,,0,15,,32573,12,,,0,55,,32574,12,,,0,15,,32575,12,,,0,15,,32576,12,,,0,15,,32577,12,,,0,55,,32578,12,,,0,15,,32579,12,,,0,15,,32580,12,,,0,15,,32581,12,,,0,55,,32582,12,,,0,15,,32583,12,,,0,15,,32585,12,,,0,15,,32586,12,,,0,55,,32587,12,,,0,15,,32588,12,,,0,15,,32589,12,,,0,15,,32590,12,,,0,55,,32591,12,,,0,15,,32592,12,,,0,15,,32593,12,,,0,15,,32564,12,,,0,55,,32584,12,,,0,15,,32563,12,,,0,15,,32543,12,,,0,15,,32542,12,,,0,55,,32541,12,,,0,15,,32540,12,,,0,15,,32560,12,,,0,15,,32559,12,,,0,55,,32561,12,,,0,15,,32562,12,,,0,15,,32558,12,,,0,15,,32557,12,,,0,55,,32555,12,,,0,15,,32556,12,,,0,15,,32553,12,,,0,15,,32554,12,,,0,55,,32552,12,,,0,15,,32551,12,,,0,15,,32550,12,,,0,15,,32548,12,,,0,55,,32549,12,,,0,15,,32547,12,,,0,15,,32546,12,,,0,15,,32545,12,,,0,55,,32544,12,,,0,15,,32537,12,,,0,15,,32538,12,,,0,15,,32539,12,,,0,55,,32514,12,,,0,15,,32518,12,,,0,15,,32522,12,,,0,15,,32527,12,,,0,55,,32528,12,,,0,15,,32533,12,,,0,15,,32535,12,,,0,15,,32515,12,,,0,55,,32519,12,,,0,15,,32523,12,,,0,15,,32526,12,,,0,15,,32529,12,,,0,50,,32605,1,,,0,5,,32532,12,,,0,10,,32604,1,,,0,5,,32536,12,,,0,10,,32606,1,,,0,5,,32516,12,,,0,10,,32607,1,,,0,5,,32520,12,,,0,50,,32608,1,,,0,15,,32609,1,,,0,15,,32610,1,,,0
20201,'pT1Oct12-Sunday-01',344,,32727,2,4,,0,15,,32730,2,4,,0,55,,32732,2,4,,0,15,,32734,2,4,,0,15,,32736,2,4,,0,15,,32738,2,4,,0,50,,32740,2,4,,0
20201,'pT6Oct10-Saturday-01',343,,32741,2,4,,0,15,,32744,2,4,,0,55,,32746,2,4,,0,15,,32748,2,4,,0,15,,32750,2,4,,0,15,,32752,2,4,,0,50,,32754,2,4,,0
20201,'pT7Oct11-Sunday-01',344,,32955,2,4,,0,15,,32957,2,4,,0,55,,32958,2,4,,0,15,,32960,2,4,,0,15,,32963,2,4,,0,15,,32965,2,4,,0,50,,32967,2,4,,0
