20100,'Saturday-00',425,,20413,10,,,0,8,,20423,10,,,0,10,,20436,10,,,0,10,,20443,10,,,0,50,,20451,10,,,0,10,,20461,10,,,0,10,,20471,15,,,0,10,,20478,15,,,0,10,,20487,15,,,0,10,,20496,15,,,0,50,,20505,15,,,0,10,,20514,15,,,0,10,,20523,9,,,0,10,,20414,15,,,0,10,,20424,15,,,0,10,,20437,15,,,0,50,,20444,15,,,0,10,,20452,15,,,0,10,,20462,15,,,0,10,,20470,15,,,0,10,,20479,15,,,0,10,,20488,15,,,0,50,,20497,15,,,0,10,,20506,15,,,0,10,,20515,15,,,0,10,,20524,15,,,0,10,,20415,15,,,0,10,,20425,15,,,0,50,,20433,15,,,0,10,,20445,15,,,0,10,,20453,15,,,0,10,,20463,15,,,0,10,,20472,15,,,0,10,,20480,15,,,0,50,,20489,15,,,0,10,,20498,15,,,0,10,,20507,15,,,0,10,,20516,15,,,0,10,,20525,15,,,0,10,,20416,15,,,0,50,,20426,15,,,0,10,,20434,15,,,0,10,,20446,15,,,0,10,,20454,15,,,0,10,,20464,15,,,0,10,,20473,15,,,0,50,,20481,15,,,0,10,,20490,15,,,0,10,,20499,15,,,0,10,,20508,15,,,0,10,,20517,15,,,0,10,,20526,15,,,0,50,,20417,15,,,0,10,,20427,15,,,0,10,,20435,15,,,0,10,,20447,15,,,0,10,,20455,15,,,0,10,,20465,15,,,0,50,,20474,15,,,0,10,,20482,15,,,0,10,,20491,15,,,0,10,,20500,15,,,0,10,,20509,15,,,0,10,,20518,15,,,0,50,,20527,15,,,0,10,,20418,15,,,0,10,,20428,15,,,0,10,,20439,15,,,0,10,,20448,15,,,0,10,,20458,15,,,0,50,,20466,15,,,0,10,,20475,15,,,0,10,,20483,15,,,0,10,,20492,15,,,0,10,,20501,15,,,0,10,,20510,15,,,0,50,,20519,15,,,0,10,,20528,15,,,0,10,,20419,15,,,0,10,,20429,15,,,0,10,,20438,15,,,0,10,,20449,15,,,0,50,,20457,15,,,0,10,,20467,15,,,0,10,,20476,15,,,0,10,,20484,15,,,0,10,,20493,15,,,0,10,,20502,15,,,0,50,,20511,15,,,0,10,,20520,15,,,0,10,,20529,15,,,0,10,,20420,15,,,0,10,,20430,15,,,0,10,,20440,15,,,0,50,,20450,15,,,0,10,,20456,15,,,0,10,,20468,15,,,0,10,,20477,15,,,0,10,,20485,15,,,0,10,,20494,15,,,0,50,,20503,15,,,0,10,,20512,15,,,0,10,,20521,15,,,0,10,,20530,15,,,0,10,,20421,15,,,0,10,,20431,15,,,0,55,,20441,15,,,0,15,,20459,15,,,0,15,,20469,15,,,0,15,,20486,15,,,0,55,,20495,15,,,0,15,,20504,15,,,0,15,,20513,15,,,0,15,,20522,15,,,0,55,,20422,15,,,0,15,,20432,15,,,0,15,,20442,15,,,0,15,,20460,15,,,0
20100,'Sunday-00',425,,20531,10,,,0,8,,20541,10,,,0,10,,20551,10,,,0,10,,20561,10,,,0,50,,20569,10,,,0,10,,20579,10,,,0,10,,20588,15,,,0,10,,20596,15,,,0,10,,20605,15,,,0,10,,20614,15,,,0,50,,20623,15,,,0,10,,20632,15,,,0,10,,20641,9,,,0,10,,20532,15,,,0,10,,20542,15,,,0,10,,20553,15,,,0,50,,20562,15,,,0,10,,20570,15,,,0,10,,20580,15,,,0,10,,20589,15,,,0,10,,20597,15,,,0,10,,20606,15,,,0,50,,20615,15,,,0,10,,20624,15,,,0,10,,20633,15,,,0,10,,20642,15,,,0,10,,20533,15,,,0,10,,20543,15,,,0,50,,20552,15,,,0,10,,20563,15,,,0,10,,20571,15,,,0,10,,20582,15,,,0,10,,20590,15,,,0,10,,20598,15,,,0,50,,20607,15,,,0,10,,20616,15,,,0,10,,20625,15,,,0,10,,20635,15,,,0,10,,20643,15,,,0,10,,20534,15,,,0,50,,20544,15,,,0,10,,20554,15,,,0,10,,20564,15,,,0,10,,20572,15,,,0,10,,20581,15,,,0,10,,20591,15,,,0,50,,20599,15,,,0,10,,20608,15,,,0,10,,20617,15,,,0,10,,20626,15,,,0,10,,20634,15,,,0,10,,20644,15,,,0,50,,20535,15,,,0,10,,20545,15,,,0,10,,20555,15,,,0,10,,20566,15,,,0,10,,20573,15,,,0,10,,20583,15,,,0,50,,20592,15,,,0,10,,20600,15,,,0,10,,20609,15,,,0,10,,20618,15,,,0,10,,20627,15,,,0,10,,20636,15,,,0,50,,20645,15,,,0,10,,20536,15,,,0,10,,20546,15,,,0,10,,20556,15,,,0,10,,20565,15,,,0,10,,20574,15,,,0,50,,20584,15,,,0,10,,20593,15,,,0,10,,20601,15,,,0,10,,20610,15,,,0,10,,20619,15,,,0,10,,20628,15,,,0,50,,20637,15,,,0,10,,20646,15,,,0,10,,20538,15,,,0,10,,20547,15,,,0,10,,20557,15,,,0,10,,20567,15,,,0,50,,20575,15,,,0,10,,20585,15,,,0,10,,20594,15,,,0,10,,20602,15,,,0,10,,20611,15,,,0,10,,20620,15,,,0,50,,20629,15,,,0,10,,20638,15,,,0,10,,20647,15,,,0,10,,20539,15,,,0,10,,20548,15,,,0,10,,20558,15,,,0,50,,20568,15,,,0,10,,20576,15,,,0,10,,20587,15,,,0,10,,20595,15,,,0,10,,20603,15,,,0,10,,20612,15,,,0,50,,20621,15,,,0,10,,20630,15,,,0,10,,20639,15,,,0,10,,20648,15,,,0,10,,20537,15,,,0,10,,20549,15,,,0,55,,20559,15,,,0,15,,20577,15,,,0,15,,20586,15,,,0,15,,20604,15,,,0,55,,20613,15,,,0,15,,20622,15,,,0,15,,20631,15,,,0,15,,20640,15,,,0,55,,20540,15,,,0,15,,20550,15,,,0,15,,20560,15,,,0,15,,20578,15,,,0
20100,'Weekday-00',404,,20811,9,,,0,9,,20812,9,,,0,15,,20815,9,,,0,5,,20649,15,,,0,9,,20650,15,,,0,10,,20651,15,,,0,6,,20814,15,,,0,44,,20652,15,,,0,6,,20808,15,,,0,4,,20653,15,,,0,5,,20654,15,,,0,6,,20813,15,,,0,4,,20655,15,,,0,4,,20809,15,,,0,5,,20788,15,,,0,5,,20656,15,,,0,10,,20657,15,,,0,51,,20658,15,,,0,11,,20659,15,,,0,4,,20789,15,,,0,7,,20660,15,,,0,5,,20810,15,,,0,5,,20661,15,,,0,5,,20662,15,,,0,5,,20663,15,,,0,5,,20664,15,,,0,5,,20665,15,,,0,5,,20666,15,,,0,45,,20667,15,,,0,5,,20668,15,,,0,5,,20669,15,,,0,5,,20670,15,,,0,5,,20671,15,,,0,5,,20672,15,,,0,5,,20673,15,,,0,5,,20674,15,,,0,5,,20675,15,,,0,5,,20676,15,,,0,5,,20677,15,,,0,5,,20678,15,,,0,45,,20679,15,,,0,5,,20680,15,,,0,5,,20681,15,,,0,5,,20682,15,,,0,5,,20683,15,,,0,5,,20684,15,,,0,5,,20685,15,,,0,5,,20686,15,,,0,5,,20687,15,,,0,5,,20688,15,,,0,5,,20689,15,,,0,5,,20690,15,,,0,44,,20691,15,,,0,5,,20692,15,,,0,10,,20693,15,,,0,10,,20694,15,,,0,5,,20695,15,,,0,10,,20696,15,,,0,10,,20697,15,,,0,5,,20790,15,,,0,45,,20698,15,,,0,6,,20791,15,,,0,4,,20699,15,,,0,6,,20792,15,,,0,4,,20700,15,,,0,6,,20793,15,,,0,4,,20701,15,,,0,10,,20702,15,,,0,10,,20703,15,,,0,48,,20704,15,,,0,12,,20705,15,,,0,10,,20706,15,,,0,10,,20707,15,,,0,10,,20708,15,,,0,10,,20709,15,,,0,50,,20710,15,,,0,10,,20711,15,,,0,10,,20712,15,,,0,10,,20713,15,,,0,10,,20714,15,,,0,10,,20715,15,,,0,50,,20716,15,,,0,10,,20717,15,,,0,8,,20718,15,,,0,12,,20719,15,,,0,10,,20720,15,,,0,10,,20721,15,,,0,50,,20722,15,,,0,5,,20819,15,,,0,5,,20723,15,,,0,10,,20724,15,,,0,5,,20816,15,,,0,5,,20725,15,,,0,9,,20726,15,,,0,4,,20818,15,,,0,8,,20727,15,,,0,50,,20728,15,,,0,9,,20729,15,,,0,4,,20794,15,,,0,7,,20730,15,,,0,5,,20731,15,,,0,5,,20732,15,,,0,4,,20733,15,,,0,5,,20734,15,,,0,6,,20735,15,,,0,5,,20736,15,,,0,5,,20737,15,,,0,45,,20738,15,,,0,5,,20739,15,,,0,5,,20740,15,,,0,5,,20741,15,,,0,5,,20742,15,,,0,5,,20743,15,,,0,5,,20744,15,,,0,5,,20745,15,,,0,5,,20746,15,,,0,5,,20747,15,,,0,4,,20748,15,,,0,4,,20817,15,,,0,2,,20749,15,,,0,45,,20750,15,,,0,5,,20751,15,,,0,5,,20752,15,,,0,5,,20753,15,,,0,5,,20754,15,,,0,5,,20755,15,,,0,5,,20756,15,,,0,5,,20757,15,,,0,5,,20759,15,,,0,4,,20760,15,,,0,4,,20761,15,,,0,4,,20758,15,,,0,45,,20762,15,,,0,5,,20763,15,,,0,5,,20764,15,,,0,5,,20765,15,,,0,5,,20766,15,,,0,5,,20767,15,,,0,11,,20768,15,,,0,5,,20769,15,,,0,10,,20770,15,,,0,50,,20771,15,,,0,13,,20772,15,,,0,9,,20773,15,,,0,11,,20774,15,,,0,7,,20775,15,,,0,12,,20776,15,,,0,48,,20778,15,,,0,10,,20780,15,,,0,10,,20777,15,,,0,9,,20781,15,,,0,11,,20779,15,,,0,10,,20782,15,,,0,50,,20783,15,,,0,10,,20784,15,,,0,10,,20785,15,,,0,10,,20786,15,,,0,15,,20796,15,,,0,55,,20797,15,,,0,15,,20798,15,,,0,15,,20799,15,,,0,15,,20802,15,,,0,55,,20803,15,,,0,15,,20800,15,,,0,15,,20801,15,,,0,15,,20804,15,,,0,55,,20805,15,,,0,15,,20806,15,,,0,15,,20807,15,,,0,15,,20795,15,,,0,55,,20787,15,,,0
20100,'LR3Sep30-Saturday-01',400,,20965,9,,,0,15,,20827,10,,,0,7,,20962,9,,,0,11,,20942,15,,,0,9,,20945,15,,,0,8,,20862,15,,,0,7,,20869,15,,,0,47,,20879,15,,,0,7,,20887,15,,,0,7,,20963,9,,,0,6,,20896,15,,,0,7,,20904,15,,,0,6,,20913,15,,,0,7,,20949,15,,,0,6,,20922,15,,,0,6,,20931,15,,,0,48,,20940,15,,,0,7,,20820,15,,,0,7,,20828,15,,,0,8,,20837,15,,,0,6,,20846,15,,,0,7,,20943,15,,,0,7,,20853,15,,,0,7,,20946,15,,,0,47,,20863,15,,,0,7,,20870,15,,,0,7,,20880,15,,,0,7,,20888,15,,,0,7,,20948,15,,,0,7,,20897,15,,,0,7,,20905,15,,,0,7,,20914,15,,,0,7,,20950,15,,,0,47,,20923,15,,,0,7,,20932,15,,,0,7,,20941,15,,,0,7,,20821,15,,,0,7,,20829,15,,,0,7,,20838,15,,,0,7,,20847,15,,,0,7,,20944,15,,,0,7,,20854,15,,,0,47,,20947,15,,,0,7,,20864,15,,,0,7,,20871,15,,,0,6,,20881,15,,,0,8,,20889,15,,,0,9,,20898,15,,,0,10,,20906,15,,,0,50,,20915,15,,,0,10,,20924,15,,,0,10,,20933,15,,,0,10,,20822,15,,,0,10,,20830,15,,,0,10,,20839,15,,,0,48,,20848,15,,,0,12,,20855,15,,,0,10,,20865,15,,,0,10,,20872,15,,,0,10,,20882,15,,,0,10,,20890,15,,,0,50,,20899,15,,,0,10,,20907,15,,,0,10,,20916,15,,,0,10,,20925,15,,,0,10,,20934,15,,,0,10,,20823,15,,,0,50,,20831,15,,,0,10,,20840,15,,,0,8,,20849,15,,,0,12,,20856,15,,,0,10,,20866,15,,,0,10,,20873,15,,,0,50,,20883,15,,,0,5,,20966,9,,,0,9,,20891,15,,,0,6,,20900,15,,,0,5,,20964,9,,,0,10,,20908,15,,,0,6,,20917,15,,,0,4,,20954,15,,,0,6,,20926,15,,,0,47,,20935,15,,,0,6,,20956,15,,,0,7,,20824,15,,,0,7,,20832,15,,,0,7,,20958,15,,,0,7,,20841,15,,,0,7,,20850,15,,,0,7,,20960,15,,,0,7,,20857,15,,,0,47,,20867,15,,,0,7,,20874,15,,,0,7,,20884,15,,,0,7,,20951,15,,,0,7,,20892,15,,,0,7,,20901,15,,,0,7,,20952,15,,,0,7,,20909,15,,,0,7,,20918,15,,,0,47,,20955,15,,,0,7,,20927,15,,,0,7,,20936,15,,,0,7,,20957,15,,,0,7,,20825,15,,,0,7,,20833,15,,,0,7,,20959,15,,,0,6,,20842,15,,,0,46,,20851,15,,,0,7,,20961,15,,,0,7,,20858,15,,,0,7,,20868,15,,,0,7,,20875,15,,,0,7,,20885,15,,,0,7,,20893,15,,,0,7,,20902,15,,,0,7,,20953,15,,,0,47,,20910,15,,,0,7,,20919,15,,,0,11,,20928,15,,,0,10,,20937,15,,,0,11,,20826,15,,,0,10,,20834,15,,,0,50,,20843,15,,,0,10,,20852,15,,,0,10,,20859,15,,,0,10,,20876,15,,,0,10,,20886,15,,,0,10,,20894,15,,,0,50,,20903,15,,,0,10,,20911,15,,,0,10,,20920,15,,,0,10,,20929,15,,,0,15,,20938,15,,,0,55,,20835,15,,,0,15,,20844,15,,,0,15,,20860,15,,,0,15,,20877,15,,,0,55,,20895,15,,,0,15,,20912,15,,,0,15,,20921,15,,,0,15,,20930,15,,,0,55,,20939,15,,,0,15,,20836,15,,,0,15,,20845,15,,,0,15,,20861,15,,,0,55,,20878,15,,,0
20100,'pT1Oct12-Sunday-01',422,,30887,8,,,0,15,,30901,8,,,0,15,,30915,8,,,0,55,,30929,8,,,0,15,,30943,8,,,0,15,,30957,8,,,0,15,,30971,8,,,0,55,,30888,8,,,0,15,,30902,8,,,0,15,,30916,8,,,0,15,,30930,8,,,0,55,,30944,8,,,0,15,,30958,8,,,0,15,,30972,8,,,0,15,,30889,8,,,0,55,,30903,8,,,0,15,,30917,8,,,0,15,,30931,8,,,0,15,,30945,8,,,0,55,,30959,8,,,0,15,,30973,8,,,0,15,,30890,8,,,0,15,,30904,8,,,0,55,,30918,8,,,0,15,,30932,8,,,0,15,,30946,8,,,0,15,,30960,8,,,0,55,,30974,8,,,0,15,,30891,8,,,0,15,,30905,8,,,0,15,,30919,8,,,0,55,,30933,8,,,0,15,,30947,8,,,0,15,,30961,8,,,0,15,,30975,8,,,0,55,,30892,8,,,0,16,,30906,8,,,0,15,,30920,8,,,0,14,,30934,8,,,0,55,,30948,8,,,0,15,,30962,8,,,0,15,,30976,8,,,0,15,,30893,8,,,0,55,,30907,8,,,0,15,,30921,8,,,0,15,,30935,8,,,0,15,,30949,8,,,0,55,,30963,8,,,0,15,,30977,8,,,0,15,,30894,8,,,0,15,,30908,8,,,0,55,,30922,8,,,0,15,,30936,8,,,0,15,,30950,8,,,0,15,,30964,8,,,0,55,,30978,8,,,0,15,,30895,8,,,0,15,,30909,8,,,0,15,,30923,8,,,0,55,,30937,8,,,0,15,,30951,8,,,0,15,,30965,8,,,0,15,,30979,8,,,0,55,,30896,8,,,0,15,,30910,8,,,0,15,,30924,8,,,0,15,,30938,8,,,0,55,,30952,8,,,0,15,,30966,8,,,0,15,,30980,8,,,0,15,,30897,8,,,0,55,,30911,8,,,0,15,,30925,8,,,0,15,,30939,8,,,0,15,,30953,8,,,0,55,,30967,8,,,0,15,,30981,8,,,0,15,,30898,8,,,0,15,,30912,8,,,0,55,,30926,8,,,0,15,,30940,8,,,0,15,,30954,8,,,0,15,,30968,8,,,0
20100,'pT6Oct03-Saturday-01',420,,29887,10,0,6 7 8,0,15,,29886,10,0,6 7 8,0,15,,29721,10,0,6 7 8,0,55,,29724,10,0,6 7 8,0,15,,29726,15,0,6 7 8,0,15,,29769,15,0,6 7 8,0,15,,29770,15,0,6 7 8,0,55,,29771,15,0,6 7 8,0,15,,29772,15,0,6 7 8,0,15,,29773,15,0,6 7 8,0,15,,29774,15,0,6 7 8,0,55,,29775,15,0,6 7 8,0,15,,29776,15,0,6 7 8,0,15,,29777,15,0,6 7 8,0,15,,29778,15,0,6 7 8,0,55,,29779,15,0,6 7 8,0,15,,29780,15,0,6 7 8,0,15,,29781,15,0,6 7 8,0,15,,29782,15,0,6 7 8,0,55,,29783,15,0,6 7 8,0,15,,29784,15,0,6 7 8,0,15,,29785,15,0,6 7 8,0,15,,29786,15,0,6 7 8,0,55,,29787,15,0,6 7 8,0,15,,29788,15,0,6 7 8,0,15,,29789,15,0,6 7 8,0,15,,29790,15,0,6 7 8,0,55,,29791,15,0,6 7 8,0,15,,29792,15,0,6 7 8,0,15,,29793,15,0,6 7 8,0,15,,29794,15,0,6 7 8,0,55,,29795,15,0,6 7 8,0,15,,29796,15,0,6 7 8,0,15,,29797,15,0,6 7 8,0,15,,29766,15,0,6 7 8,0,55,,29768,15,0,6 7 8,0,15,,29733,15,0,6 7 8,0,15,,29742,15,0,6 7 8,0,15,,29767,15,0,6 7 8,0,55,,29763,15,0,6 7 8,0,15,,29750,15,0,6 7 8,0,15,,29748,15,0,6 7 8,0,15,,29760,15,0,6 7 8,0,55,,29753,15,0,6 7 8,0,15,,29745,15,0,6 7 8,0,15,,29740,15,0,6 7 8,0,15,,29757,15,0,6 7 8,0,55,,29732,15,0,6 7 8,0,15,,29737,15,0,6 7 8,0,15,,29735,15,0,6 7 8,0,15,,29734,15,0,6 7 8,0,55,,29736,15,0,6 7 8,0,15,,29764,15,0,6 7 8,0,15,,29765,15,0,6 7 8,0,15,,29762,15,0,6 7 8,0,55,,29761,15,0,6 7 8,0,15,,29755,15,0,6 7 8,0,15,,29754,15,0,6 7 8,0,15,,29758,15,0,6 7 8,0,55,,29759,15,0,6 7 8,0,15,,29752,15,0,6 7 8,0,15,,29751,15,0,6 7 8,0,15,,29746,15,0,6 7 8,0,55,,29749,15,0,6 7 8,0,15,,29747,15,0,6 7 8,0,15,,29744,15,0,6 7 8,0,15,,29743,15,0,6 7 8,0,55,,29739,15,0,6 7 8,0,15,,29741,15,0,6 7 8,0,15,,29738,15,0,6 7 8,0,15,,29756,15,0,6 7 8,0,55,,29719,15,0,6 7 8,0,15,,29722,15,0,6 7 8,0,15,,29725,15,0,6 7 8,0,15,,29727,15,0,6 7 8,0,55,,29728,15,0,6 7 8,0,15,,29729,15,0,6 7 8,0,15,,29730,15,0,6 7 8,0,15,,29731,15,0,6 7 8,0,55,,29717,15,0,6 7 8,0,15,,29718,15,0,6 7 8,0,15,,29720,15,0,6 7 8,0,15,,29723,15,0,6 7 8,0,55,,29883,15,0,6 7 8,0,15,,29884,15,0,6 7 8,0,15,,29885,15,0,6 7 8,0
20100,'pT6Oct10-Saturday-01',421,,31145,8,,,0,15,,31130,8,,,0,15,,31144,8,,,0,55,,31159,8,,,0,15,,31173,8,,,0,15,,31187,8,,,0,15,,31201,8,,,0,55,,31117,8,,,0,15,,31131,8,,,0,15,,31146,8,,,0,15,,31160,8,,,0,55,,31174,8,,,0,15,,31188,8,,,0,15,,31202,8,,,0,15,,31118,8,,,0,55,,31132,8,,,0,15,,31147,8,,,0,15,,31161,8,,,0,15,,31175,8,,,0,55,,31189,8,,,0,15,,31203,8,,,0,15,,31119,8,,,0,15,,31133,8,,,0,55,,31148,8,,,0,15,,31162,8,,,0,15,,31176,8,,,0,15,,31190,8,,,0,55,,31204,8,,,0,15,,31120,8,,,0,15,,31134,8,,,0,15,,31149,8,,,0,55,,31163,8,,,0,15,,31177,8,,,0,15,,31191,8,,,0,15,,31205,8,,,0,55,,31121,8,,,0,16,,31135,8,,,0,15,,31150,8,,,0,14,,31164,8,,,0,55,,31178,8,,,0,15,,31192,8,,,0,15,,31206,8,,,0,15,,31122,8,,,0,55,,31136,8,,,0,15,,31151,8,,,0,15,,31165,8,,,0,15,,31179,8,,,0,55,,31193,8,,,0,15,,31207,8,,,0,15,,31123,8,,,0,15,,31137,8,,,0,55,,31152,8,,,0,15,,31166,8,,,0,15,,31180,8,,,0,15,,31194,8,,,0,55,,31208,8,,,0,15,,31124,8,,,0,15,,31138,8,,,0,15,,31153,8,,,0,55,,31167,8,,,0,15,,31181,8,,,0,15,,31195,8,,,0,15,,31209,8,,,0,55,,31125,8,,,0,15,,31139,8,,,0,15,,31154,8,,,0,15,,31168,8,,,0,55,,31182,8,,,0,15,,31196,8,,,0,15,,31210,8,,,0,15,,31126,8,,,0,55,,31140,8,,,0,15,,31155,8,,,0,15,,31169,8,,,0,15,,31183,8,,,0,55,,31197,8,,,0,15,,31211,8,,,0,15,,31127,8,,,0,15,,31141,8,,,0,55,,31156,8,,,0,15,,31170,8,,,0,15,,31184,8,,,0,15,,31198,8,,,0
20100,'pT7Oct04-Sunday-01',420,,29888,10,0,6 7 8,0,15,,29901,10,0,6 7 8,0,15,,29914,10,0,6 7 8,0,55,,29926,10,0,6 7 8,0,15,,29938,15,0,6 7 8,0,15,,29950,15,0,6 7 8,0,15,,29962,15,0,6 7 8,0,55,,29890,15,0,6 7 8,0,15,,29902,15,0,6 7 8,0,15,,29915,15,0,6 7 8,0,15,,29927,15,0,6 7 8,0,55,,29939,15,0,6 7 8,0,15,,29951,15,0,6 7 8,0,15,,29963,15,0,6 7 8,0,15,,29889,15,0,6 7 8,0,55,,29903,15,0,6 7 8,0,15,,29917,15,0,6 7 8,0,15,,29929,15,0,6 7 8,0,15,,29940,15,0,6 7 8,0,55,,29952,15,0,6 7 8,0,15,,29967,15,0,6 7 8,0,15,,29891,15,0,6 7 8,0,15,,29904,15,0,6 7 8,0,55,,29916,15,0,6 7 8,0,15,,29928,15,0,6 7 8,0,15,,29941,15,0,6 7 8,0,15,,29953,15,0,6 7 8,0,55,,29964,15,0,6 7 8,0,15,,29892,15,0,6 7 8,0,15,,29905,15,0,6 7 8,0,15,,29918,15,0,6 7 8,0,55,,29930,15,0,6 7 8,0,15,,29942,15,0,6 7 8,0,15,,29954,15,0,6 7 8,0,15,,29965,15,0,6 7 8,0,55,,29893,15,0,6 7 8,0,15,,29906,15,0,6 7 8,0,15,,29919,15,0,6 7 8,0,15,,29931,15,0,6 7 8,0,55,,29943,15,0,6 7 8,0,15,,29955,15,0,6 7 8,0,15,,29966,15,0,6 7 8,0,15,,29894,15,0,6 7 8,0,55,,29907,15,0,6 7 8,0,15,,29920,15,0,6 7 8,0,15,,29932,15,0,6 7 8,0,15,,29944,15,0,6 7 8,0,55,,29956,15,0,6 7 8,0,15,,29968,15,0,6 7 8,0,15,,29895,15,0,6 7 8,0,15,,29908,15,0,6 7 8,0,55,,29921,15,0,6 7 8,0,15,,29933,15,0,6 7 8,0,15,,29945,15,0,6 7 8,0,15,,29957,15,0,6 7 8,0,55,,29969,15,0,6 7 8,0,15,,29896,15,0,6 7 8,0,15,,29909,15,0,6 7 8,0,15,,29922,15,0,6 7 8,0,55,,29934,15,0,6 7 8,0,15,,29946,15,0,6 7 8,0,15,,29958,15,0,6 7 8,0,15,,29970,15,0,6 7 8,0,55,,29899,15,0,6 7 8,0,15,,29910,15,0,6 7 8,0,15,,29923,15,0,6 7 8,0,15,,29935,15,0,6 7 8,0,55,,29947,15,0,6 7 8,0,15,,29959,15,0,6 7 8,0,15,,29971,15,0,6 7 8,0,15,,29897,15,0,6 7 8,0,55,,29911,15,0,6 7 8,0,15,,29924,15,0,6 7 8,0,15,,29936,15,0,6 7 8,0,15,,29948,15,0,6 7 8,0,55,,29960,15,0,6 7 8,0,15,,29972,15,0,6 7 8,0,15,,29898,15,0,6 7 8,0,15,,29912,15,0,6 7 8,0,55,,29925,15,0,6 7 8,0,15,,29937,15,0,6 7 8,0,15,,29949,15,0,6 7 8,0,15,,29961,15,0,6 7 8,0,55,,29973,15,0,6 7 8,0,15,,29900,15,0,6 7 8,0,15,,29913,15,0,6 7 8,0
20100,'pT7Oct11-Sunday-01',422,,31354,8,,,0,15,,31351,8,,,0,15,,31484,8,,,0,55,,31485,8,,,0,15,,31483,8,,,0,15,,31486,8,,,0,15,,31487,8,,,0,55,,31488,8,,,0,15,,31489,8,,,0,15,,31490,8,,,0,15,,31491,8,,,0,55,,31492,8,,,0,15,,31493,8,,,0,15,,31494,8,,,0,15,,31495,8,,,0,55,,31496,8,,,0,15,,31497,8,,,0,15,,31498,8,,,0,15,,31499,8,,,0,55,,31500,8,,,0,15,,31501,8,,,0,15,,31502,8,,,0,15,,31503,8,,,0,55,,31504,8,,,0,15,,31505,8,,,0,15,,31506,8,,,0,15,,31507,8,,,0,55,,31508,8,,,0,15,,31509,8,,,0,15,,31510,8,,,0,15,,31511,8,,,0,55,,31512,8,,,0,15,,31513,8,,,0,15,,31514,8,,,0,15,,31515,8,,,0,55,,31516,8,,,0,16,,31517,8,,,0,15,,31518,8,,,0,14,,31519,8,,,0,55,,31525,8,,,0,15,,31526,8,,,0,15,,31527,8,,,0,15,,31520,8,,,0,55,,31521,8,,,0,15,,31522,8,,,0,15,,31523,8,,,0,15,,31524,8,,,0,55,,31528,8,,,0,15,,31529,8,,,0,15,,31530,8,,,0,15,,31531,8,,,0,55,,31532,8,,,0,15,,31533,8,,,0,15,,31534,8,,,0,15,,31535,8,,,0,55,,31536,8,,,0,15,,31537,8,,,0,15,,31538,8,,,0,15,,31539,8,,,0,55,,31540,8,,,0,15,,31541,8,,,0,15,,31542,8,,,0,15,,31543,8,,,0,55,,31544,8,,,0,15,,31545,8,,,0,15,,31546,8,,,0,15,,31547,8,,,0,55,,31548,8,,,0,15,,31549,8,,,0,15,,31550,8,,,0,15,,31551,8,,,0,55,,31552,8,,,0,15,,31553,8,,,0,15,,31554,8,,,0,15,,31555,8,,,0,55,,31556,8,,,0,15,,31557,8,,,0,15,,31558,8,,,0,15,,31559,8,,,0,55,,31560,8,,,0,15,,31561,8,,,0,15,,31562,8,,,0,15,,31355,8,,,0
20201,'Saturday-00',447,,24225,11,,,0,10,,24235,11,,,0,50,,24247,11,,,0,10,,24256,14,,,0,10,,24268,14,,,0,10,,24279,14,,,0,10,,24288,14,,,0,10,,24299,14,,,0,50,,24310,14,,,0,10,,24319,14,,,0,10,,24330,14,,,0,10,,24226,14,,,0,10,,24236,14,,,0,10,,24248,14,,,0,50,,24257,14,,,0,10,,24269,14,,,0,10,,24280,14,,,0,10,,24289,14,,,0,10,,24300,14,,,0,10,,24311,14,,,0,50,,24320,14,,,0,10,,24331,14,,,0,10,,24227,14,,,0,10,,24237,14,,,0,10,,24249,14,,,0,10,,24258,14,,,0,50,,24270,14,,,0,10,,24281,14,,,0,10,,24290,14,,,0,10,,24301,14,,,0,10,,24312,14,,,0,10,,24321,14,,,0,50,,24332,14,,,0,10,,24229,14,,,0,10,,24238,14,,,0,10,,24250,14,,,0,10,,24259,14,,,0,10,,24271,14,,,0,50,,24282,14,,,0,10,,24291,14,,,0,10,,24302,14,,,0,10,,24313,14,,,0,10,,24322,14,,,0,10,,24333,14,,,0,50,,24228,14,,,0,10,,24239,14,,,0,10,,24251,14,,,0,10,,24260,14,,,0,10,,24272,14,,,0,10,,24283,14,,,0,50,,24292,14,,,0,10,,24303,14,,,0,10,,24314,14,,,0,10,,24323,14,,,0,10,,24334,14,,,0,10,,24230,14,,,0,50,,24240,14,,,0,10,,24252,14,,,0,10,,24261,14,,,0,10,,24273,14,,,0,10,,24284,14,,,0,10,,24293,14,,,0,50,,24304,14,,,0,10,,24315,14,,,0,10,,24324,14,,,0,10,,24335,14,,,0,10,,24231,14,,,0,10,,24241,14,,,0,50,,24253,14,,,0,10,,24262,14,,,0,10,,24274,14,,,0,10,,24285,14,,,0,10,,24295,14,,,0,10,,24305,14,,,0,50,,24316,14,,,0,10,,24325,14,,,0,10,,24336,14,,,0,10,,24232,14,,,0,10,,24242,14,,,0,10,,24254,14,,,0,50,,24263,14,,,0,10,,24275,14,,,0,10,,24286,14,,,0,10,,24294,14,,,0,10,,24306,14,,,0,10,,24317,14,,,0,50,,24326,14,,,0,10,,24337,14,,,0,10,,24233,14,,,0,10,,24243,14,,,0,10,,24255,14,,,0,10,,24264,14,,,0,50,,24276,14,,,0,10,,24287,14,,,0,10,,24296,14,,,0,10,,24307,14,,,0,10,,24318,14,,,0,10,,24327,14,,,0,50,,24338,14,,,0,10,,24234,14,,,0,10,,24244,14,,,0,15,,24265,14,,,0,15,,24277,14,,,0,55,,24297,14,,,0,15,,24308,14,,,0,15,,24328,14,,,0,15,,24339,14,,,0,55,,24245,14,,,0,15,,24266,14,,,0,15,,24278,14,,,0,15,,24298,14,,,0,55,,24309,14,,,0,15,,24329,14,,,0,15,,24340,14,,,0,15,,24246,14,,,0,55,,24267,14,,,0
20201,'Sunday-00',447,,24341,11,,,0,10,,24351,11,,,0,50,,24363,11,,,0,10,,24371,14,,,0,10,,24384,14,,,0,10,,24395,14,,,0,10,,24404,14,,,0,10,,24415,14,,,0,50,,24426,14,,,0,10,,24435,14,,,0,10,,24446,14,,,0,10,,24344,14,,,0,10,,24352,14,,,0,10,,24364,14,,,0,50,,24372,14,,,0,10,,24385,14,,,0,10,,24396,14,,,0,10,,24406,14,,,0,10,,24416,14,,,0,10,,24427,14,,,0,50,,24436,14,,,0,10,,24447,14,,,0,10,,24342,14,,,0,10,,24353,14,,,0,10,,24365,14,,,0,10,,24373,14,,,0,50,,24386,14,,,0,10,,24397,14,,,0,10,,24407,14,,,0,10,,24417,14,,,0,10,,24428,14,,,0,10,,24437,14,,,0,50,,24448,14,,,0,10,,24343,14,,,0,10,,24354,14,,,0,10,,24366,14,,,0,10,,24375,14,,,0,10,,24387,14,,,0,50,,24398,14,,,0,10,,24405,14,,,0,10,,24418,14,,,0,10,,24429,14,,,0,10,,24438,14,,,0,10,,24449,14,,,0,50,,24345,14,,,0,10,,24355,14,,,0,10,,24367,14,,,0,10,,24376,14,,,0,10,,24388,14,,,0,10,,24399,14,,,0,50,,24408,14,,,0,10,,24419,14,,,0,10,,24430,14,,,0,10,,24439,14,,,0,10,,24450,14,,,0,10,,24346,14,,,0,50,,24356,14,,,0,10,,24368,14,,,0,10,,24377,14,,,0,10,,24389,14,,,0,10,,24400,14,,,0,10,,24409,14,,,0,50,,24420,14,,,0,10,,24431,14,,,0,10,,24440,14,,,0,10,,24451,14,,,0,10,,24347,14,,,0,10,,24357,14,,,0,50,,24369,14,,,0,10,,24378,14,,,0,10,,24390,14,,,0,10,,24401,14,,,0,10,,24410,14,,,0,10,,24421,14,,,0,50,,24432,14,,,0,10,,24441,14,,,0,10,,24452,14,,,0,10,,24348,14,,,0,10,,24358,14,,,0,10,,24370,14,,,0,50,,24379,14,,,0,10,,24391,14,,,0,10,,24402,14,,,0,10,,24411,14,,,0,10,,24422,14,,,0,10,,24433,14,,,0,50,,24442,14,,,0,10,,24453,14,,,0,10,,24349,14,,,0,10,,24359,14,,,0,10,,24374,14,,,0,10,,24380,14,,,0,50,,24392,14,,,0,10,,24403,14,,,0,10,,24412,14,,,0,10,,24423,14,,,0,10,,24434,14,,,0,10,,24443,14,,,0,50,,24454,14,,,0,10,,24350,14,,,0,10,,24361,14,,,0,15,,24381,14,,,0,15,,24393,14,,,0,55,,24413,14,,,0,15,,24424,14,,,0,15,,24444,14,,,0,15,,24455,14,,,0,55,,24360,14,,,0,15,,24382,14,,,0,15,,24394,14,,,0,15,,24414,14,,,0,55,,24425,14,,,0,15,,24445,14,,,0,15,,24456,14,,,0,15,,24362,14,,,0,55,,24383,14,,,0
20201,'Weekday-00',410,,24594,11,,,0,11,,24595,11,,,0,14,,24593,11,,,0,9,,24457,14,,,0,10,,24458,14,,,0,50,,24459,14,,,0,10,,24460,14,,,0,11,,24461,14,,,0,8,,24462,14,,,0,10,,24464,14,,,0,5,,24597,11,,,0,5,,24465,14,,,0,3,,24596,11,,,0,44,,24598,11,,,0,5,,24466,14,,,0,5,,24600,11,,,0,5,,24463,14,,,0,4,,24599,11,,,0,7,,24467,14,,,0,6,,24601,11,,,0,4,,24469,14,,,0,5,,24470,14,,,0,5,,24471,14,,,0,5,,24468,14,,,0,5,,24472,14,,,0,45,,24473,14,,,0,5,,24475,14,,,0,5,,24476,14,,,0,5,,24477,14,,,0,5,,24474,14,,,0,5,,24478,14,,,0,5,,24479,14,,,0,5,,24480,14,,,0,5,,24481,14,,,0,5,,24482,14,,,0,5,,24483,14,,,0,5,,24484,14,,,0,45,,24485,14,,,0,5,,24486,14,,,0,5,,24487,14,,,0,5,,24488,14,,,0,5,,24489,14,,,0,5,,24490,14,,,0,5,,24491,14,,,0,5,,24492,14,,,0,5,,24493,14,,,0,5,,24494,14,,,0,5,,24495,14,,,0,5,,24496,14,,,0,45,,24497,14,,,0,5,,24498,14,,,0,5,,24499,14,,,0,10,,24500,14,,,0,10,,24501,14,,,0,5,,24502,14,,,0,10,,24503,14,,,0,10,,24504,14,,,0,50,,24505,14,,,0,10,,24506,14,,,0,10,,24507,14,,,0,10,,24508,14,,,0,10,,24509,14,,,0,10,,24510,14,,,0,50,,24511,14,,,0,10,,24512,14,,,0,10,,24513,14,,,0,10,,24514,14,,,0,10,,24515,14,,,0,10,,24516,14,,,0,50,,24517,14,,,0,10,,24518,14,,,0,10,,24519,14,,,0,10,,24520,14,,,0,10,,24521,14,,,0,10,,24522,14,,,0,50,,24523,14,,,0,10,,24524,14,,,0,10,,24525,14,,,0,10,,24526,14,,,0,10,,24527,14,,,0,10,,24528,14,,,0,50,,24529,14,,,0,10,,24530,14,,,0,10,,24531,14,,,0,10,,24532,14,,,0,3,,24602,11,,,0,6,,24533,14,,,0,4,,24603,11,,,0,7,,24534,14,,,0,3,,24604,11,,,0,47,,24535,14,,,0,5,,24605,11,,,0,4,,24536,14,,,0,4,,24606,11,,,0,7,,24537,14,,,0,5,,24538,14,,,0,5,,24540,14,,,0,5,,24541,14,,,0,5,,24542,14,,,0,5,,24539,14,,,0,5,,24543,14,,,0,45,,24545,14,,,0,5,,24546,14,,,0,5,,24547,14,,,0,5,,24544,14,,,0,5,,24548,14,,,0,5,,24549,14,,,0,5,,24551,14,,,0,5,,24552,14,,,0,5,,24553,14,,,0,5,,24550,14,,,0,5,,24554,14,,,0,4,,24555,14,,,0,46,,24558,14,,,0,5,,24559,14,,,0,5,,24556,14,,,0,5,,24557,14,,,0,5,,24560,14,,,0,5,,24561,14,,,0,5,,24562,14,,,0,5,,24563,14,,,0,5,,24564,14,,,0,5,,24565,14,,,0,4,,24566,14,,,0,4,,24567,14,,,0,5,,24568,14,,,0,45,,24569,14,,,0,4,,24570,14,,,0,5,,24571,14,,,0,5,,24572,14,,,0,5,,24573,14,,,0,5,,24574,14,,,0,6,,24575,14,,,0,10,,24576,14,,,0,10,,24577,14,,,0,50,,24578,14,,,0,9,,24579,14,,,0,9,,24580,14,,,0,11,,24581,14,,,0,11,,24582,14,,,0,8,,24583,14,,,0,52,,24584,14,,,0,10,,24585,14,,,0,10,,24586,14,,,0,9,,24587,14,,,0,11,,24588,14,,,0,10,,24589,14,,,0,50,,24590,14,,,0,10,,24591,14,,,0,10,,24592,14,,,0,13,,24608,14,,,0,15,,24609,14,,,0,55,,24610,14,,,0,15,,24611,14,,,0,15,,24612,14,,,0,15,,24613,14,,,0,55,,24614,14,,,0,15,,24616,14,,,0,15,,24618,14,,,0,15,,24619,14,,,0,55,,24615,14,,,0,15,,24620,14,,,0,15,,24617,14,,,0,15,,24621,14,,,0,60,,24607,14,,,0
20201,'LR3Sep30-Saturday-01',413,,24622,11,,,0,12,,24630,11,,,0,10,,24642,11,,,0,9,,24654,14,,,0,10,,24666,14,,,0,52,,24740,14,,,0,8,,24683,14,,,0,12,,24743,14,,,0,8,,24706,14,,,0,6,,24718,14,,,0,6,,24725,11,,,0,7,,24623,14,,,0,48,,24631,14,,,0,8,,24736,11,,,0,7,,24643,14,,,0,8,,24655,14,,,0,6,,24738,11,,,0,7,,24667,14,,,0,7,,24674,14,,,0,7,,24741,14,,,0,7,,24684,14,,,0,47,,24695,14,,,0,7,,24744,14,,,0,7,,24707,14,,,0,7,,24719,14,,,0,7,,24746,14,,,0,7,,24726,14,,,0,7,,24624,14,,,0,7,,24632,14,,,0,47,,24737,14,,,0,7,,24644,14,,,0,7,,24656,14,,,0,7,,24739,14,,,0,7,,24668,14,,,0,7,,24675,14,,,0,7,,24742,14,,,0,7,,24685,14,,,0,7,,24696,14,,,0,47,,24745,14,,,0,7,,24708,14,,,0,7,,24720,14,,,0,6,,24747,14,,,0,8,,24727,14,,,0,5,,24625,14,,,0,9,,24633,14,,,0,10,,24645,14,,,0,50,,24657,14,,,0,10,,24669,14,,,0,10,,24676,14,,,0,10,,24686,14,,,0,10,,24697,14,,,0,10,,24709,14,,,0,50,,24721,14,,,0,11,,24728,14,,,0,9,,24626,14,,,0,10,,24634,14,,,0,10,,24646,14,,,0,10,,24658,14,,,0,50,,24670,14,,,0,10,,24677,14,,,0,10,,24687,14,,,0,10,,24698,14,,,0,10,,24710,14,,,0,10,,24722,14,,,0,50,,24729,14,,,0,10,,24627,14,,,0,10,,24635,14,,,0,10,,24647,14,,,0,10,,24659,14,,,0,10,,24671,14,,,0,50,,24678,14,,,0,10,,24688,14,,,0,10,,24699,14,,,0,10,,24711,14,,,0,6,,24723,14,,,0,9,,24748,11,,,0,6,,24730,14,,,0,47,,24752,11,,,0,7,,24628,14,,,0,7,,24636,14,,,0,8,,24648,14,,,0,7,,24660,14,,,0,7,,24756,14,,,0,7,,24672,14,,,0,7,,24679,14,,,0,47,,24758,14,,,0,7,,24689,14,,,0,7,,24700,14,,,0,7,,24760,14,,,0,7,,24712,14,,,0,7,,24724,14,,,0,7,,24749,14,,,0,7,,24731,14,,,0,7,,24753,14,,,0,47,,24629,14,,,0,7,,24637,14,,,0,7,,24649,14,,,0,7,,24661,14,,,0,7,,24757,14,,,0,7,,24673,14,,,0,7,,24680,14,,,0,6,,24759,14,,,0,6,,24690,14,,,0,47,,24701,14,,,0,7,,24761,14,,,0,7,,24713,14,,,0,7,,24750,14,,,0,7,,24732,14,,,0,11,,24754,14,,,0,10,,24638,14,,,0,51,,24650,14,,,0,9,,24662,14,,,0,10,,24681,14,,,0,10,,24691,14,,,0,10,,24702,14,,,0,10,,24714,14,,,0,50,,24751,14,,,0,10,,24733,14,,,0,10,,24755,14,,,0,10,,24639,14,,,0,10,,24651,14,,,0,10,,24663,14,,,0,50,,24682,14,,,0,10,,24692,14,,,0,10,,24703,14,,,0,15,,24715,14,,,0,15,,24734,14,,,0,55,,24640,14,,,0,15,,24652,14,,,0,15,,24664,14,,,0,15,,24693,14,,,0,55,,24704,14,,,0,15,,24716,14,,,0,15,,24735,14,,,0,15,,24641,14,,,0,55,,24653,14,,,0,15,,24665,14,,,0,15,,24694,14,,,0,15,,24705,14,,,0,60,,24717,14,,,0
20201,'pT1Oct12-Sunday-01',447,,32612,11,,,0,10,,32621,11,,,0,50,,32633,11,,,0,10,,32641,14,,,0,10,,32654,14,,,0,10,,32665,14,,,0,10,,32674,14,,,0,10,,32685,14,,,0,50,,32696,14,,,0,10,,32705,14,,,0,10,,32716,14,,,0,10,,32614,14,,,0,10,,32622,14,,,0,10,,32634,14,,,0,50,,32642,14,,,0,10,,32655,14,,,0,10,,32666,14,,,0,10,,32676,14,,,0,10,,32686,14,,,0,10,,32697,14,,,0,50,,32706,14,,,0,10,,32717,14,,,0,10,,32613,14,,,0,10,,32623,14,,,0,10,,32635,14,,,0,10,,32643,14,,,0,50,,32656,14,,,0,10,,32667,14,,,0,10,,32677,14,,,0,10,,32687,14,,,0,10,,32698,14,,,0,10,,32707,14,,,0,50,,32718,14,,,0,10,,32611,14,,,0,10,,32624,14,,,0,10,,32636,14,,,0,10,,32645,14,,,0,10,,32657,14,,,0,50,,32668,14,,,0,10,,32675,14,,,0,10,,32688,14,,,0,10,,32699,14,,,0,10,,32708,14,,,0,10,,32719,14,,,0,50,,32616,14,,,0,10,,32625,14,,,0,10,,32637,14,,,0,10,,32646,14,,,0,10,,32658,14,,,0,10,,32669,14,,,0,50,,32678,14,,,0,10,,32689,14,,,0,10,,32700,14,,,0,10,,32709,14,,,0,10,,32720,14,,,0,10,,32615,14,,,0,50,,32626,14,,,0,10,,32638,14,,,0,10,,32647,14,,,0,10,,32659,14,,,0,10,,32670,14,,,0,10,,32679,14,,,0,50,,32690,14,,,0,10,,32701,14,,,0,10,,32710,14,,,0,10,,32721,14,,,0,10,,32617,14,,,0,10,,32627,14,,,0,50,,32639,14,,,0,10,,32648,14,,,0,10,,32660,14,,,0,10,,32671,14,,,0,10,,32680,14,,,0,10,,32691,14,,,0,50,,32702,14,,,0,10,,32711,14,,,0,10,,32722,14,,,0,10,,32618,14,,,0,10,,32628,14,,,0,10,,32640,14,,,0,50,,32649,14,,,0,10,,32661,14,,,0,10,,32672,14,,,0,10,,32681,14,,,0,10,,32692,14,,,0,10,,32703,14,,,0,50,,32712,14,,,0,10,,32723,14,,,0,10,,32619,14,,,0,10,,32629,14,,,0,10,,32644,14,,,0,10,,32650,14,,,0,50,,32662,14,,,0,10,,32673,14,,,0,10,,32682,14,,,0,10,,32693,14,,,0,10,,32704,14,,,0,10,,32713,14,,,0,50,,32724,14,,,0,10,,32620,14,,,0,10,,32631,14,,,0,15,,32651,14,,,0,15,,32663,14,,,0,55,,32683,14,,,0,15,,32694,14,,,0,15,,32714,14,,,0,15,,32725,14,,,0,55,,32630,14,,,0,15,,32652,14,,,0,15,,32664,14,,,0,15,,32684,14,,,0,55,,32695,14,,,0,15,,32715,14,,,0,15,,32726,14,,,0,15,,32632,14,,,0,55,,32653,14,,,0
20201,'pT6Oct03-Saturday-01',447,,30656,11,,,0,10,,30665,11,,,0,50,,30677,11,,,0,10,,30687,14,,,0,10,,30698,14,,,0,10,,30709,14,,,0,10,,30718,14,,,0,10,,30729,14,,,0,50,,30740,14,,,0,10,,30749,14,,,0,10,,30760,14,,,0,10,,30655,14,,,0,10,,30667,14,,,0,10,,30678,14,,,0,50,,30686,14,,,0,10,,30699,14,,,0,10,,30710,14,,,0,10,,30719,14,,,0,10,,30730,14,,,0,10,,30741,14,,,0,50,,30750,14,,,0,10,,30761,14,,,0,10,,30657,14,,,0,10,,30666,14,,,0,10,,30679,14,,,0,10,,30688,14,,,0,50,,30700,14,,,0,10,,30711,14,,,0,10,,30720,14,,,0,10,,30731,14,,,0,10,,30742,14,,,0,10,,30751,14,,,0,50,,30762,14,,,0,10,,30659,14,,,0,10,,30668,14,,,0,10,,30680,14,,,0,10,,30689,14,,,0,10,,30701,14,,,0,50,,30712,14,,,0,10,,30722,14,,,0,10,,30732,14,,,0,10,,30743,14,,,0,10,,30752,14,,,0,10,,30763,14,,,0,50,,30658,14,,,0,10,,30669,14,,,0,10,,30681,14,,,0,10,,30690,14,,,0,10,,30702,14,,,0,10,,30713,14,,,0,50,,30721,14,,,0,10,,30733,14,,,0,10,,30744,14,,,0,10,,30754,14,,,0,10,,30764,14,,,0,10,,30660,14,,,0,50,,30670,14,,,0,10,,30682,14,,,0,10,,30691,14,,,0,10,,30703,14,,,0,10,,30714,14,,,0,10,,30723,14,,,0,50,,30734,14,,,0,10,,30745,14,,,0,10,,30753,14,,,0,10,,30765,14,,,0,10,,30661,14,,,0,10,,30671,14,,,0,50,,30683,14,,,0,10,,30692,14,,,0,10,,30704,14,,,0,10,,30715,14,,,0,10,,30725,14,,,0,10,,30735,14,,,0,50,,30746,14,,,0,10,,30755,14,,,0,10,,30766,14,,,0,10,,30662,14,,,0,10,,30672,14,,,0,10,,30684,14,,,0,50,,30693,14,,,0,10,,30705,14,,,0,10,,30716,14,,,0,10,,30724,14,,,0,10,,30736,14,,,0,10,,30747,14,,,0,50,,30756,14,,,0,10,,30767,14,,,0,10,,30663,14,,,0,10,,30673,14,,,0,10,,30685,14,,,0,10,,30694,14,,,0,50,,30706,14,,,0,10,,30717,14,,,0,10,,30726,14,,,0,10,,30737,14,,,0,10,,30748,14,,,0,10,,30757,14,,,0,50,,30768,14,,,0,10,,30664,14,,,0,10,,30674,14,,,0,15,,30695,14,,,0,15,,30707,14,,,0,55,,30727,14,,,0,15,,30738,14,,,0,15,,30758,14,,,0,15,,30769,14,,,0,55,,30675,14,,,0,15,,30696,14,,,0,15,,30708,14,,,0,15,,30728,14,,,0,55,,30739,14,,,0,15,,30759,14,,,0,15,,30770,14,,,0,15,,30676,14,,,0,55,,30697,14,,,0
20201,'pT6Oct10-Saturday-01',447,,32755,11,,,0,10,,32765,11,,,0,50,,32777,11,,,0,10,,32786,14,,,0,10,,32798,14,,,0,10,,32809,14,,,0,10,,32818,14,,,0,10,,32829,14,,,0,50,,32840,14,,,0,10,,32849,14,,,0,10,,32860,14,,,0,10,,32756,14,,,0,10,,32766,14,,,0,10,,32778,14,,,0,50,,32787,14,,,0,10,,32799,14,,,0,10,,32810,14,,,0,10,,32819,14,,,0,10,,32830,14,,,0,10,,32841,14,,,0,50,,32850,14,,,0,10,,32861,14,,,0,10,,32757,14,,,0,10,,32767,14,,,0,10,,32779,14,,,0,10,,32788,14,,,0,50,,32800,14,,,0,10,,32813,14,,,0,10,,32820,14,,,0,10,,32831,14,,,0,10,,32842,14,,,0,10,,32851,14,,,0,50,,32862,14,,,0,10,,32758,14,,,0,10,,32768,14,,,0,10,,32780,14,,,0,10,,32789,14,,,0,10,,32801,14,,,0,50,,32811,14,,,0,10,,32821,14,,,0,10,,32832,14,,,0,10,,32843,14,,,0,10,,32852,14,,,0,10,,32863,14,,,0,50,,32759,14,,,0,10,,32769,14,,,0,10,,32781,14,,,0,10,,32790,14,,,0,10,,32802,14,,,0,10,,32812,14,,,0,50,,32822,14,,,0,10,,32833,14,,,0,10,,32844,14,,,0,10,,32853,14,,,0,10,,32864,14,,,0,10,,32762,14,,,0,50,,32770,14,,,0,10,,32782,14,,,0,10,,32791,14,,,0,10,,32803,14,,,0,10,,32814,14,,,0,10,,32823,14,,,0,50,,32834,14,,,0,10,,32845,14,,,0,10,,32854,14,,,0,10,,32865,14,,,0,10,,32760,14,,,0,10,,32771,14,,,0,50,,32783,14,,,0,10,,32792,14,,,0,10,,32804,14,,,0,10,,32815,14,,,0,10,,32824,14,,,0,10,,32835,14,,,0,50,,32846,14,,,0,10,,32855,14,,,0,10,,32866,14,,,0,10,,32761,14,,,0,10,,32772,14,,,0,10,,32784,14,,,0,50,,32793,14,,,0,10,,32805,14,,,0,10,,32816,14,,,0,10,,32825,14,,,0,10,,32836,14,,,0,10,,32847,14,,,0,50,,32856,14,,,0,10,,32867,14,,,0,10,,32763,14,,,0,10,,32773,14,,,0,10,,32785,14,,,0,10,,32794,14,,,0,50,,32806,14,,,0,10,,32817,14,,,0,10,,32826,14,,,0,10,,32837,14,,,0,10,,32848,14,,,0,10,,32857,14,,,0,50,,32868,14,,,0,10,,32764,14,,,0,10,,32774,14,,,0,15,,32795,14,,,0,15,,32807,14,,,0,55,,32827,14,,,0,15,,32838,14,,,0,15,,32858,14,,,0,15,,32869,14,,,0,55,,32775,14,,,0,15,,32797,14,,,0,15,,32808,14,,,0,15,,32828,14,,,0,55,,32839,14,,,0,15,,32859,14,,,0,15,,32870,14,,,0,15,,32776,14,,,0,55,,32796,14,,,0
20201,'pT7Oct04-Sunday-01',447,,30771,11,,,0,10,,30781,11,,,0,50,,30793,11,,,0,10,,30801,14,,,0,10,,30814,14,,,0,10,,30825,14,,,0,10,,30834,14,,,0,10,,30845,14,,,0,50,,30856,14,,,0,10,,30865,14,,,0,10,,30876,14,,,0,10,,30774,14,,,0,10,,30782,14,,,0,10,,30794,14,,,0,50,,30802,14,,,0,10,,30815,14,,,0,10,,30826,14,,,0,10,,30836,14,,,0,10,,30846,14,,,0,10,,30857,14,,,0,50,,30866,14,,,0,10,,30877,14,,,0,10,,30772,14,,,0,10,,30783,14,,,0,10,,30795,14,,,0,10,,30803,14,,,0,50,,30816,14,,,0,10,,30827,14,,,0,10,,30837,14,,,0,10,,30847,14,,,0,10,,30858,14,,,0,10,,30867,14,,,0,50,,30878,14,,,0,10,,30773,14,,,0,10,,30784,14,,,0,10,,30796,14,,,0,10,,30805,14,,,0,10,,30817,14,,,0,50,,30828,14,,,0,10,,30835,14,,,0,10,,30848,14,,,0,10,,30859,14,,,0,10,,30868,14,,,0,10,,30879,14,,,0,50,,30776,14,,,0,10,,30785,14,,,0,10,,30797,14,,,0,10,,30806,14,,,0,10,,30818,14,,,0,10,,30829,14,,,0,50,,30838,14,,,0,10,,30849,14,,,0,10,,30860,14,,,0,10,,30869,14,,,0,10,,30880,14,,,0,10,,30775,14,,,0,50,,30786,14,,,0,10,,30798,14,,,0,10,,30807,14,,,0,10,,30819,14,,,0,10,,30830,14,,,0,10,,30839,14,,,0,50,,30851,14,,,0,10,,30861,14,,,0,10,,30870,14,,,0,10,,30881,14,,,0,10,,30777,14,,,0,10,,30787,14,,,0,50,,30799,14,,,0,10,,30808,14,,,0,10,,30820,14,,,0,10,,30831,14,,,0,10,,30840,14,,,0,10,,30852,14,,,0,50,,30862,14,,,0,10,,30871,14,,,0,10,,30882,14,,,0,10,,30778,14,,,0,10,,30788,14,,,0,10,,30800,14,,,0,50,,30809,14,,,0,10,,30821,14,,,0,10,,30832,14,,,0,10,,30841,14,,,0,10,,30850,14,,,0,10,,30863,14,,,0,50,,30872,14,,,0,10,,30883,14,,,0,10,,30779,14,,,0,10,,30789,14,,,0,10,,30804,14,,,0,10,,30810,14,,,0,50,,30822,14,,,0,10,,30833,14,,,0,10,,30842,14,,,0,10,,30853,14,,,0,10,,30864,14,,,0,10,,30873,14,,,0,50,,30884,14,,,0,10,,30780,14,,,0,10,,30791,14,,,0,15,,30811,14,,,0,15,,30823,14,,,0,55,,30843,14,,,0,15,,30854,14,,,0,15,,30874,14,,,0,15,,30885,14,,,0,55,,30790,14,,,0,15,,30812,14,,,0,15,,30824,14,,,0,15,,30844,14,,,0,55,,30855,14,,,0,15,,30875,14,,,0,15,,30886,14,,,0,15,,30792,14,,,0,55,,30813,14,,,0
20201,'pT7Oct11-Sunday-01',442,,32953,14,,,0,15,,32952,14,,,0,55,,32951,14,,,0,15,,32948,14,,,0,15,,32942,14,,,0,15,,32947,14,,,0,55,,32943,14,,,0,15,,32946,14,,,0,15,,32949,14,,,0,15,,32945,14,,,0,55,,32950,14,,,0,15,,32944,14,,,0,15,,32912,14,,,0,15,,32913,14,,,0,55,,32914,14,,,0,15,,32915,14,,,0,15,,32916,14,,,0,15,,32917,14,,,0,55,,32918,14,,,0,15,,32919,14,,,0,15,,32920,14,,,0,15,,32921,14,,,0,55,,32922,14,,,0,15,,32923,14,,,0,15,,32924,14,,,0,15,,32925,14,,,0,55,,32926,14,,,0,15,,32927,14,,,0,15,,32928,14,,,0,15,,32929,14,,,0,55,,32931,14,,,0,15,,32932,14,,,0,15,,32933,14,,,0,15,,32934,14,,,0,55,,32935,14,,,0,15,,32936,14,,,0,15,,32937,14,,,0,15,,32938,14,,,0,55,,32939,14,,,0,15,,32940,14,,,0,15,,32941,14,,,0,15,,32930,14,,,0,55,,32893,14,,,0,15,,32889,14,,,0,15,,32892,14,,,0,15,,32890,14,,,0,55,,32891,14,,,0,15,,32911,14,,,0,15,,32908,14,,,0,15,,32909,14,,,0,55,,32910,14,,,0,15,,32907,14,,,0,15,,32906,14,,,0,15,,32905,14,,,0,55,,32904,14,,,0,15,,32903,14,,,0,15,,32902,14,,,0,15,,32901,14,,,0,55,,32900,14,,,0,15,,32898,14,,,0,15,,32899,14,,,0,15,,32897,14,,,0,55,,32896,14,,,0,15,,32895,14,,,0,15,,32894,14,,,0,15,,32885,14,,,0,55,,32886,14,,,0,15,,32887,14,,,0,15,,32888,14,,,0,15,,32875,14,,,0,55,,32877,14,,,0,15,,32879,14,,,0,15,,32881,14,,,0,15,,32883,14,,,0,55,,32872,14,,,0,15,,32874,14,,,0,15,,32876,14,,,0,15,,32878,14,,,0,55,,32880,14,,,0,15,,32882,14,,,0,15,,32884,14,,,0,15,,32871,14,,,0,55,,32873,14,,,0
