20100,'Saturday-00',421,,20413,8,,,0,8,,20423,8,,,0,10,,20436,8,,,0,10,,20443,8,,,0,10,,20451,8,,,0,50,,20461,8,,,0,10,,20471,13,,,0,10,,20478,13,,,0,10,,20487,13,,,0,10,,20496,13,,,0,10,,20505,13,,,0,50,,20514,13,,,0,10,,20523,7,,,0,10,,20414,13,,,0,10,,20424,13,,,0,10,,20437,13,,,0,10,,20444,13,,,0,50,,20452,13,,,0,10,,20462,13,,,0,10,,20470,13,,,0,10,,20479,13,,,0,10,,20488,13,,,0,10,,20497,13,,,0,50,,20506,13,,,0,10,,20515,13,,,0,10,,20524,13,,,0,10,,20415,13,,,0,10,,20425,13,,,0,10,,20433,13,,,0,50,,20445,13,,,0,10,,20453,13,,,0,10,,20463,13,,,0,10,,20472,13,,,0,10,,20480,13,,,0,10,,20489,13,,,0,50,,20498,13,,,0,10,,20507,13,,,0,10,,20516,13,,,0,10,,20525,13,,,0,10,,20416,13,,,0,10,,20426,13,,,0,50,,20434,13,,,0,10,,20446,13,,,0,10,,20454,13,,,0,10,,20464,13,,,0,10,,20473,13,,,0,10,,20481,13,,,0,50,,20490,13,,,0,10,,20499,13,,,0,10,,20508,13,,,0,10,,20517,13,,,0,10,,20526,13,,,0,10,,20417,13,,,0,50,,20427,13,,,0,10,,20435,13,,,0,10,,20447,13,,,0,10,,20455,13,,,0,10,,20465,13,,,0,10,,20474,13,,,0,50,,20482,13,,,0,10,,20491,13,,,0,10,,20500,13,,,0,10,,20509,13,,,0,10,,20518,13,,,0,10,,20527,13,,,0,50,,20418,13,,,0,10,,20428,13,,,0,10,,20439,13,,,0,10,,20448,13,,,0,10,,20458,13,,,0,10,,20466,13,,,0,50,,20475,13,,,0,10,,20483,13,,,0,10,,20492,13,,,0,10,,20501,13,,,0,10,,20510,13,,,0,10,,20519,13,,,0,50,,20528,13,,,0,10,,20419,13,,,0,10,,20429,13,,,0,10,,20438,13,,,0,10,,20449,13,,,0,10,,20457,13,,,0,50,,20467,13,,,0,10,,20476,13,,,0,10,,20484,13,,,0,10,,20493,13,,,0,10,,20502,13,,,0,10,,20511,13,,,0,50,,20520,13,,,0,10,,20529,13,,,0,10,,20420,13,,,0,10,,20430,13,,,0,10,,20440,13,,,0,10,,20450,13,,,0,50,,20456,13,,,0,10,,20468,13,,,0,10,,20477,13,,,0,10,,20485,13,,,0,10,,20494,13,,,0,10,,20503,13,,,0,50,,20512,13,,,0,10,,20521,13,,,0,10,,20530,13,,,0,10,,20421,13,,,0,10,,20431,13,,,0,55,,20441,13,,,0,15,,20459,13,,,0,15,,20469,13,,,0,15,,20486,13,,,0,55,,20495,13,,,0,15,,20504,13,,,0,15,,20513,13,,,0,15,,20522,13,,,0,55,,20422,13,,,0,15,,20432,13,,,0,15,,20442,13,,,0,15,,20460,13,,,0
20100,'Sunday-00',421,,20531,8,,,0,8,,20541,8,,,0,10,,20551,8,,,0,10,,20561,8,,,0,10,,20569,8,,,0,50,,20579,8,,,0,10,,20588,13,,,0,10,,20596,13,,,0,10,,20605,13,,,0,10,,20614,13,,,0,10,,20623,13,,,0,50,,20632,13,,,0,10,,20641,7,,,0,10,,20532,13,,,0,10,,20542,13,,,0,10,,20553,13,,,0,10,,20562,13,,,0,50,,20570,13,,,0,10,,20580,13,,,0,10,,20589,13,,,0,10,,20597,13,,,0,10,,20606,13,,,0,10,,20615,13,,,0,50,,20624,13,,,0,10,,20633,13,,,0,10,,20642,13,,,0,10,,20533,13,,,0,10,,20543,13,,,0,10,,20552,13,,,0,50,,20563,13,,,0,10,,20571,13,,,0,10,,20582,13,,,0,10,,20590,13,,,0,10,,20598,13,,,0,10,,20607,13,,,0,50,,20616,13,,,0,10,,20625,13,,,0,10,,20635,13,,,0,10,,20643,13,,,0,10,,20534,13,,,0,10,,20544,13,,,0,50,,20554,13,,,0,10,,20564,13,,,0,10,,20572,13,,,0,10,,20581,13,,,0,10,,20591,13,,,0,10,,20599,13,,,0,50,,20608,13,,,0,10,,20617,13,,,0,10,,20626,13,,,0,10,,20634,13,,,0,10,,20644,13,,,0,10,,20535,13,,,0,50,,20545,13,,,0,10,,20555,13,,,0,10,,20566,13,,,0,10,,20573,13,,,0,10,,20583,13,,,0,10,,20592,13,,,0,50,,20600,13,,,0,10,,20609,13,,,0,10,,20618,13,,,0,10,,20627,13,,,0,10,,20636,13,,,0,10,,20645,13,,,0,50,,20536,13,,,0,10,,20546,13,,,0,10,,20556,13,,,0,10,,20565,13,,,0,10,,20574,13,,,0,10,,20584,13,,,0,50,,20593,13,,,0,10,,20601,13,,,0,10,,20610,13,,,0,10,,20619,13,,,0,10,,20628,13,,,0,10,,20637,13,,,0,50,,20646,13,,,0,10,,20538,13,,,0,10,,20547,13,,,0,10,,20557,13,,,0,10,,20567,13,,,0,10,,20575,13,,,0,50,,20585,13,,,0,10,,20594,13,,,0,10,,20602,13,,,0,10,,20611,13,,,0,10,,20620,13,,,0,10,,20629,13,,,0,50,,20638,13,,,0,10,,20647,13,,,0,10,,20539,13,,,0,10,,20548,13,,,0,10,,20558,13,,,0,10,,20568,13,,,0,50,,20576,13,,,0,10,,20587,13,,,0,10,,20595,13,,,0,10,,20603,13,,,0,10,,20612,13,,,0,10,,20621,13,,,0,50,,20630,13,,,0,10,,20639,13,,,0,10,,20648,13,,,0,10,,20537,13,,,0,10,,20549,13,,,0,55,,20559,13,,,0,15,,20577,13,,,0,15,,20586,13,,,0,15,,20604,13,,,0,55,,20613,13,,,0,15,,20622,13,,,0,15,,20631,13,,,0,15,,20640,13,,,0,55,,20540,13,,,0,15,,20550,13,,,0,15,,20560,13,,,0,15,,20578,13,,,0
20100,'Weekday-00',400,,20811,7,,,0,9,,20812,7,,,0,15,,20815,7,,,0,5,,20649,13,,,0,9,,20650,13,,,0,10,,20651,13,,,0,6,,20814,13,,,0,4,,20652,13,,,0,46,,20808,13,,,0,4,,20653,13,,,0,5,,20654,13,,,0,6,,20813,13,,,0,4,,20655,13,,,0,4,,20809,13,,,0,5,,20788,13,,,0,5,,20656,13,,,0,10,,20657,13,,,0,11,,20658,13,,,0,51,,20659,13,,,0,4,,20789,13,,,0,7,,20660,13,,,0,5,,20810,13,,,0,5,,20661,13,,,0,5,,20662,13,,,0,5,,20663,13,,,0,5,,20664,13,,,0,5,,20665,13,,,0,5,,20666,13,,,0,45,,20667,13,,,0,5,,20668,13,,,0,5,,20669,13,,,0,5,,20670,13,,,0,5,,20671,13,,,0,5,,20672,13,,,0,5,,20673,13,,,0,5,,20674,13,,,0,5,,20675,13,,,0,5,,20676,13,,,0,5,,20677,13,,,0,5,,20678,13,,,0,45,,20679,13,,,0,5,,20680,13,,,0,5,,20681,13,,,0,5,,20682,13,,,0,5,,20683,13,,,0,5,,20684,13,,,0,5,,20685,13,,,0,5,,20686,13,,,0,5,,20687,13,,,0,5,,20688,13,,,0,5,,20689,13,,,0,5,,20690,13,,,0,4,,20691,13,,,0,45,,20692,13,,,0,10,,20693,13,,,0,10,,20694,13,,,0,5,,20695,13,,,0,10,,20696,13,,,0,10,,20697,13,,,0,5,,20790,13,,,0,5,,20698,13,,,0,46,,20791,13,,,0,4,,20699,13,,,0,6,,20792,13,,,0,4,,20700,13,,,0,6,,20793,13,,,0,4,,20701,13,,,0,10,,20702,13,,,0,10,,20703,13,,,0,8,,20704,13,,,0,52,,20705,13,,,0,10,,20706,13,,,0,10,,20707,13,,,0,10,,20708,13,,,0,10,,20709,13,,,0,10,,20710,13,,,0,50,,20711,13,,,0,10,,20712,13,,,0,10,,20713,13,,,0,10,,20714,13,,,0,10,,20715,13,,,0,10,,20716,13,,,0,50,,20717,13,,,0,8,,20718,13,,,0,12,,20719,13,,,0,10,,20720,13,,,0,10,,20721,13,,,0,10,,20722,13,,,0,45,,20819,13,,,0,5,,20723,13,,,0,10,,20724,13,,,0,5,,20816,13,,,0,5,,20725,13,,,0,9,,20726,13,,,0,4,,20818,13,,,0,8,,20727,13,,,0,50,,20728,13,,,0,9,,20729,13,,,0,4,,20794,13,,,0,7,,20730,13,,,0,5,,20731,13,,,0,5,,20732,13,,,0,4,,20733,13,,,0,5,,20734,13,,,0,6,,20735,13,,,0,5,,20736,13,,,0,5,,20737,13,,,0,45,,20738,13,,,0,5,,20739,13,,,0,5,,20740,13,,,0,5,,20741,13,,,0,5,,20742,13,,,0,5,,20743,13,,,0,5,,20744,13,,,0,5,,20745,13,,,0,5,,20746,13,,,0,5,,20747,13,,,0,4,,20748,13,,,0,4,,20817,13,,,0,2,,20749,13,,,0,45,,20750,13,,,0,5,,20751,13,,,0,5,,20752,13,,,0,5,,20753,13,,,0,5,,20754,13,,,0,5,,20755,13,,,0,5,,20756,13,,,0,5,,20757,13,,,0,5,,20759,13,,,0,4,,20760,13,,,0,4,,20761,13,,,0,4,,20758,13,,,0,5,,20762,13,,,0,45,,20763,13,,,0,5,,20764,13,,,0,5,,20765,13,,,0,5,,20766,13,,,0,5,,20767,13,,,0,11,,20768,13,,,0,5,,20769,13,,,0,10,,20770,13,,,0,10,,20771,13,,,0,53,,20772,13,,,0,9,,20773,13,,,0,11,,20774,13,,,0,7,,20775,13,,,0,12,,20776,13,,,0,8,,20778,13,,,0,50,,20780,13,,,0,10,,20777,13,,,0,9,,20781,13,,,0,11,,20779,13,,,0,10,,20782,13,,,0,10,,20783,13,,,0,50,,20784,13,,,0,10,,20785,13,,,0,10,,20786,13,,,0,15,,20796,13,,,0,15,,20797,13,,,0,55,,20798,13,,,0,15,,20799,13,,,0,15,,20802,13,,,0,15,,20803,13,,,0,55,,20800,13,,,0,15,,20801,13,,,0,15,,20804,13,,,0,15,,20805,13,,,0,55,,20806,13,,,0,15,,20807,13,,,0,15,,20795,13,,,0,15,,20787,13,,,0
20100,'LR3Sep30-Saturday-01',356,,20965,7,,,0,55,,20827,8,,,0,7,,20962,7,,,0,11,,20942,13,,,0,9,,20945,13,,,0,8,,20862,13,,,0,7,,20869,13,,,0,47,,20879,13,,,0,7,,20887,13,,,0,7,,20963,7,,,0,6,,20896,13,,,0,7,,20904,13,,,0,6,,20913,13,,,0,7,,20949,13,,,0,6,,20922,13,,,0,6,,20931,13,,,0,48,,20940,13,,,0,7,,20820,13,,,0,7,,20828,13,,,0,8,,20837,13,,,0,6,,20846,13,,,0,7,,20943,13,,,0,7,,20853,13,,,0,7,,20946,13,,,0,7,,20863,13,,,0,47,,20870,13,,,0,7,,20880,13,,,0,7,,20888,13,,,0,7,,20948,13,,,0,7,,20897,13,,,0,7,,20905,13,,,0,7,,20914,13,,,0,7,,20950,13,,,0,7,,20923,13,,,0,47,,20932,13,,,0,7,,20941,13,,,0,7,,20821,13,,,0,7,,20829,13,,,0,7,,20838,13,,,0,7,,20847,13,,,0,7,,20944,13,,,0,7,,20854,13,,,0,47,,20947,13,,,0,7,,20864,13,,,0,7,,20871,13,,,0,6,,20881,13,,,0,8,,20889,13,,,0,9,,20898,13,,,0,10,,20906,13,,,0,10,,20915,13,,,0,50,,20924,13,,,0,10,,20933,13,,,0,10,,20822,13,,,0,10,,20830,13,,,0,10,,20839,13,,,0,8,,20848,13,,,0,52,,20855,13,,,0,10,,20865,13,,,0,10,,20872,13,,,0,10,,20882,13,,,0,10,,20890,13,,,0,10,,20899,13,,,0,50,,20907,13,,,0,10,,20916,13,,,0,10,,20925,13,,,0,10,,20934,13,,,0,10,,20823,13,,,0,10,,20831,13,,,0,50,,20840,13,,,0,8,,20849,13,,,0,12,,20856,13,,,0,10,,20866,13,,,0,10,,20873,13,,,0,10,,20883,13,,,0,45,,20966,7,,,0,9,,20891,13,,,0,6,,20900,13,,,0,5,,20964,7,,,0,10,,20908,13,,,0,6,,20917,13,,,0,4,,20954,13,,,0,6,,20926,13,,,0,7,,20935,13,,,0,46,,20956,13,,,0,7,,20824,13,,,0,7,,20832,13,,,0,7,,20958,13,,,0,7,,20841,13,,,0,7,,20850,13,,,0,7,,20960,13,,,0,7,,20857,13,,,0,7,,20867,13,,,0,47,,20874,13,,,0,7,,20884,13,,,0,7,,20951,13,,,0,7,,20892,13,,,0,7,,20901,13,,,0,7,,20952,13,,,0,7,,20909,13,,,0,7,,20918,13,,,0,47,,20955,13,,,0,7,,20927,13,,,0,7,,20936,13,,,0,7,,20957,13,,,0,7,,20825,13,,,0,7,,20833,13,,,0,7,,20959,13,,,0,6,,20842,13,,,0,6,,20851,13,,,0,47,,20961,13,,,0,7,,20858,13,,,0,7,,20868,13,,,0,7,,20875,13,,,0,7,,20885,13,,,0,7,,20893,13,,,0,7,,20902,13,,,0,7,,20953,13,,,0,7,,20910,13,,,0,47,,20919,13,,,0,11,,20928,13,,,0,10,,20937,13,,,0,11,,20826,13,,,0,10,,20834,13,,,0,10,,20843,13,,,0,50,,20852,13,,,0,10,,20859,13,,,0,10,,20876,13,,,0,10,,20886,13,,,0,10,,20894,13,,,0,10,,20903,13,,,0,50,,20911,13,,,0,10,,20920,13,,,0,10,,20929,13,,,0,15,,20938,13,,,0,15,,20835,13,,,0,55,,20844,13,,,0,15,,20860,13,,,0,15,,20877,13,,,0,15,,20895,13,,,0,55,,20912,13,,,0,15,,20921,13,,,0,15,,20930,13,,,0,15,,20939,13,,,0,55,,20836,13,,,0,15,,20845,13,,,0,15,,20861,13,,,0,15,,20878,13,,,0
20100,'pT1Oct12-Sunday-01',418,,30887,6,,,0,15,,30901,6,,,0,15,,30915,6,,,0,55,,30929,6,,,0,15,,30943,6,,,0,15,,30957,6,,,0,15,,30971,6,,,0,55,,30888,6,,,0,15,,30902,6,,,0,15,,30916,6,,,0,15,,30930,6,,,0,55,,30944,6,,,0,15,,30958,6,,,0,15,,30972,6,,,0,15,,30889,6,,,0,55,,30903,6,,,0,15,,30917,6,,,0,15,,30931,6,,,0,15,,30945,6,,,0,55,,30959,6,,,0,15,,30973,6,,,0,15,,30890,6,,,0,15,,30904,6,,,0,55,,30918,6,,,0,15,,30932,6,,,0,15,,30946,6,,,0,15,,30960,6,,,0,55,,30974,6,,,0,15,,30891,6,,,0,15,,30905,6,,,0,15,,30919,6,,,0,55,,30933,6,,,0,15,,30947,6,,,0,15,,30961,6,,,0,15,,30975,6,,,0,55,,30892,6,,,0,16,,30906,6,,,0,15,,30920,6,,,0,14,,30934,6,,,0,55,,30948,6,,,0,15,,30962,6,,,0,15,,30976,6,,,0,15,,30893,6,,,0,55,,30907,6,,,0,15,,30921,6,,,0,15,,30935,6,,,0,15,,30949,6,,,0,55,,30963,6,,,0,15,,30977,6,,,0,15,,30894,6,,,0,15,,30908,6,,,0,55,,30922,6,,,0,15,,30936,6,,,0,15,,30950,6,,,0,15,,30964,6,,,0,55,,30978,6,,,0,15,,30895,6,,,0,15,,30909,6,,,0,15,,30923,6,,,0,55,,30937,6,,,0,15,,30951,6,,,0,15,,30965,6,,,0,15,,30979,6,,,0,55,,30896,6,,,0,15,,30910,6,,,0,15,,30924,6,,,0,15,,30938,6,,,0,55,,30952,6,,,0,15,,30966,6,,,0,15,,30980,6,,,0,15,,30897,6,,,0,55,,30911,6,,,0,15,,30925,6,,,0,15,,30939,6,,,0,15,,30953,6,,,0,55,,30967,6,,,0,15,,30981,6,,,0,15,,30898,6,,,0,15,,30912,6,,,0,55,,30926,6,,,0,15,,30940,6,,,0,15,,30954,6,,,0,15,,30968,6,,,0
20100,'pT6Oct03-Saturday-01',416,,29887,8,0,6 7 8,0,15,,29886,8,0,6 7 8,0,15,,29721,8,0,6 7 8,0,55,,29724,8,0,6 7 8,0,15,,29726,13,0,6 7 8,0,15,,29769,13,0,6 7 8,0,15,,29770,13,0,6 7 8,0,55,,29771,13,0,6 7 8,0,15,,29772,13,0,6 7 8,0,15,,29773,13,0,6 7 8,0,15,,29774,13,0,6 7 8,0,55,,29775,13,0,6 7 8,0,15,,29776,13,0,6 7 8,0,15,,29777,13,0,6 7 8,0,15,,29778,13,0,6 7 8,0,55,,29779,13,0,6 7 8,0,15,,29780,13,0,6 7 8,0,15,,29781,13,0,6 7 8,0,15,,29782,13,0,6 7 8,0,55,,29783,13,0,6 7 8,0,15,,29784,13,0,6 7 8,0,15,,29785,13,0,6 7 8,0,15,,29786,13,0,6 7 8,0,55,,29787,13,0,6 7 8,0,15,,29788,13,0,6 7 8,0,15,,29789,13,0,6 7 8,0,15,,29790,13,0,6 7 8,0,55,,29791,13,0,6 7 8,0,15,,29792,13,0,6 7 8,0,15,,29793,13,0,6 7 8,0,15,,29794,13,0,6 7 8,0,55,,29795,13,0,6 7 8,0,15,,29796,13,0,6 7 8,0,15,,29797,13,0,6 7 8,0,15,,29766,13,0,6 7 8,0,55,,29768,13,0,6 7 8,0,15,,29733,13,0,6 7 8,0,15,,29742,13,0,6 7 8,0,15,,29767,13,0,6 7 8,0,55,,29763,13,0,6 7 8,0,15,,29750,13,0,6 7 8,0,15,,29748,13,0,6 7 8,0,15,,29760,13,0,6 7 8,0,55,,29753,13,0,6 7 8,0,15,,29745,13,0,6 7 8,0,15,,29740,13,0,6 7 8,0,15,,29757,13,0,6 7 8,0,55,,29732,13,0,6 7 8,0,15,,29737,13,0,6 7 8,0,15,,29735,13,0,6 7 8,0,15,,29734,13,0,6 7 8,0,55,,29736,13,0,6 7 8,0,15,,29764,13,0,6 7 8,0,15,,29765,13,0,6 7 8,0,15,,29762,13,0,6 7 8,0,55,,29761,13,0,6 7 8,0,15,,29755,13,0,6 7 8,0,15,,29754,13,0,6 7 8,0,15,,29758,13,0,6 7 8,0,55,,29759,13,0,6 7 8,0,15,,29752,13,0,6 7 8,0,15,,29751,13,0,6 7 8,0,15,,29746,13,0,6 7 8,0,55,,29749,13,0,6 7 8,0,15,,29747,13,0,6 7 8,0,15,,29744,13,0,6 7 8,0,15,,29743,13,0,6 7 8,0,55,,29739,13,0,6 7 8,0,15,,29741,13,0,6 7 8,0,15,,29738,13,0,6 7 8,0,15,,29756,13,0,6 7 8,0,55,,29719,13,0,6 7 8,0,15,,29722,13,0,6 7 8,0,15,,29725,13,0,6 7 8,0,15,,29727,13,0,6 7 8,0,55,,29728,13,0,6 7 8,0,15,,29729,13,0,6 7 8,0,15,,29730,13,0,6 7 8,0,15,,29731,13,0,6 7 8,0,55,,29717,13,0,6 7 8,0,15,,29718,13,0,6 7 8,0,15,,29720,13,0,6 7 8,0,15,,29723,13,0,6 7 8,0,55,,29883,13,0,6 7 8,0,15,,29884,13,0,6 7 8,0,15,,29885,13,0,6 7 8,0
20100,'pT6Oct10-Saturday-01',417,,31145,6,,,0,15,,31130,6,,,0,15,,31144,6,,,0,55,,31159,6,,,0,15,,31173,6,,,0,15,,31187,6,,,0,15,,31201,6,,,0,55,,31117,6,,,0,15,,31131,6,,,0,15,,31146,6,,,0,15,,31160,6,,,0,55,,31174,6,,,0,15,,31188,6,,,0,15,,31202,6,,,0,15,,31118,6,,,0,55,,31132,6,,,0,15,,31147,6,,,0,15,,31161,6,,,0,15,,31175,6,,,0,55,,31189,6,,,0,15,,31203,6,,,0,15,,31119,6,,,0,15,,31133,6,,,0,55,,31148,6,,,0,15,,31162,6,,,0,15,,31176,6,,,0,15,,31190,6,,,0,55,,31204,6,,,0,15,,31120,6,,,0,15,,31134,6,,,0,15,,31149,6,,,0,55,,31163,6,,,0,15,,31177,6,,,0,15,,31191,6,,,0,15,,31205,6,,,0,55,,31121,6,,,0,16,,31135,6,,,0,15,,31150,6,,,0,14,,31164,6,,,0,55,,31178,6,,,0,15,,31192,6,,,0,15,,31206,6,,,0,15,,31122,6,,,0,55,,31136,6,,,0,15,,31151,6,,,0,15,,31165,6,,,0,15,,31179,6,,,0,55,,31193,6,,,0,15,,31207,6,,,0,15,,31123,6,,,0,15,,31137,6,,,0,55,,31152,6,,,0,15,,31166,6,,,0,15,,31180,6,,,0,15,,31194,6,,,0,55,,31208,6,,,0,15,,31124,6,,,0,15,,31138,6,,,0,15,,31153,6,,,0,55,,31167,6,,,0,15,,31181,6,,,0,15,,31195,6,,,0,15,,31209,6,,,0,55,,31125,6,,,0,15,,31139,6,,,0,15,,31154,6,,,0,15,,31168,6,,,0,55,,31182,6,,,0,15,,31196,6,,,0,15,,31210,6,,,0,15,,31126,6,,,0,55,,31140,6,,,0,15,,31155,6,,,0,15,,31169,6,,,0,15,,31183,6,,,0,55,,31197,6,,,0,15,,31211,6,,,0,15,,31127,6,,,0,15,,31141,6,,,0,55,,31156,6,,,0,15,,31170,6,,,0,15,,31184,6,,,0,15,,31198,6,,,0
20100,'pT7Oct04-Sunday-01',416,,29888,8,0,6 7 8,0,15,,29901,8,0,6 7 8,0,15,,29914,8,0,6 7 8,0,55,,29926,8,0,6 7 8,0,15,,29938,13,0,6 7 8,0,15,,29950,13,0,6 7 8,0,15,,29962,13,0,6 7 8,0,55,,29890,13,0,6 7 8,0,15,,29902,13,0,6 7 8,0,15,,29915,13,0,6 7 8,0,15,,29927,13,0,6 7 8,0,55,,29939,13,0,6 7 8,0,15,,29951,13,0,6 7 8,0,15,,29963,13,0,6 7 8,0,15,,29889,13,0,6 7 8,0,55,,29903,13,0,6 7 8,0,15,,29917,13,0,6 7 8,0,15,,29929,13,0,6 7 8,0,15,,29940,13,0,6 7 8,0,55,,29952,13,0,6 7 8,0,15,,29967,13,0,6 7 8,0,15,,29891,13,0,6 7 8,0,15,,29904,13,0,6 7 8,0,55,,29916,13,0,6 7 8,0,15,,29928,13,0,6 7 8,0,15,,29941,13,0,6 7 8,0,15,,29953,13,0,6 7 8,0,55,,29964,13,0,6 7 8,0,15,,29892,13,0,6 7 8,0,15,,29905,13,0,6 7 8,0,15,,29918,13,0,6 7 8,0,55,,29930,13,0,6 7 8,0,15,,29942,13,0,6 7 8,0,15,,29954,13,0,6 7 8,0,15,,29965,13,0,6 7 8,0,55,,29893,13,0,6 7 8,0,15,,29906,13,0,6 7 8,0,15,,29919,13,0,6 7 8,0,15,,29931,13,0,6 7 8,0,55,,29943,13,0,6 7 8,0,15,,29955,13,0,6 7 8,0,15,,29966,13,0,6 7 8,0,15,,29894,13,0,6 7 8,0,55,,29907,13,0,6 7 8,0,15,,29920,13,0,6 7 8,0,15,,29932,13,0,6 7 8,0,15,,29944,13,0,6 7 8,0,55,,29956,13,0,6 7 8,0,15,,29968,13,0,6 7 8,0,15,,29895,13,0,6 7 8,0,15,,29908,13,0,6 7 8,0,55,,29921,13,0,6 7 8,0,15,,29933,13,0,6 7 8,0,15,,29945,13,0,6 7 8,0,15,,29957,13,0,6 7 8,0,55,,29969,13,0,6 7 8,0,15,,29896,13,0,6 7 8,0,15,,29909,13,0,6 7 8,0,15,,29922,13,0,6 7 8,0,55,,29934,13,0,6 7 8,0,15,,29946,13,0,6 7 8,0,15,,29958,13,0,6 7 8,0,15,,29970,13,0,6 7 8,0,55,,29899,13,0,6 7 8,0,15,,29910,13,0,6 7 8,0,15,,29923,13,0,6 7 8,0,15,,29935,13,0,6 7 8,0,55,,29947,13,0,6 7 8,0,15,,29959,13,0,6 7 8,0,15,,29971,13,0,6 7 8,0,15,,29897,13,0,6 7 8,0,55,,29911,13,0,6 7 8,0,15,,29924,13,0,6 7 8,0,15,,29936,13,0,6 7 8,0,15,,29948,13,0,6 7 8,0,55,,29960,13,0,6 7 8,0,15,,29972,13,0,6 7 8,0,15,,29898,13,0,6 7 8,0,15,,29912,13,0,6 7 8,0,55,,29925,13,0,6 7 8,0,15,,29937,13,0,6 7 8,0,15,,29949,13,0,6 7 8,0,15,,29961,13,0,6 7 8,0,55,,29973,13,0,6 7 8,0,15,,29900,13,0,6 7 8,0,15,,29913,13,0,6 7 8,0
20100,'pT7Oct11-Sunday-01',418,,31354,6,,,0,15,,31351,6,,,0,15,,31484,6,,,0,55,,31485,6,,,0,15,,31483,6,,,0,15,,31486,6,,,0,15,,31487,6,,,0,55,,31488,6,,,0,15,,31489,6,,,0,15,,31490,6,,,0,15,,31491,6,,,0,55,,31492,6,,,0,15,,31493,6,,,0,15,,31494,6,,,0,15,,31495,6,,,0,55,,31496,6,,,0,15,,31497,6,,,0,15,,31498,6,,,0,15,,31499,6,,,0,55,,31500,6,,,0,15,,31501,6,,,0,15,,31502,6,,,0,15,,31503,6,,,0,55,,31504,6,,,0,15,,31505,6,,,0,15,,31506,6,,,0,15,,31507,6,,,0,55,,31508,6,,,0,15,,31509,6,,,0,15,,31510,6,,,0,15,,31511,6,,,0,55,,31512,6,,,0,15,,31513,6,,,0,15,,31514,6,,,0,15,,31515,6,,,0,55,,31516,6,,,0,16,,31517,6,,,0,15,,31518,6,,,0,14,,31519,6,,,0,55,,31525,6,,,0,15,,31526,6,,,0,15,,31527,6,,,0,15,,31520,6,,,0,55,,31521,6,,,0,15,,31522,6,,,0,15,,31523,6,,,0,15,,31524,6,,,0,55,,31528,6,,,0,15,,31529,6,,,0,15,,31530,6,,,0,15,,31531,6,,,0,55,,31532,6,,,0,15,,31533,6,,,0,15,,31534,6,,,0,15,,31535,6,,,0,55,,31536,6,,,0,15,,31537,6,,,0,15,,31538,6,,,0,15,,31539,6,,,0,55,,31540,6,,,0,15,,31541,6,,,0,15,,31542,6,,,0,15,,31543,6,,,0,55,,31544,6,,,0,15,,31545,6,,,0,15,,31546,6,,,0,15,,31547,6,,,0,55,,31548,6,,,0,15,,31549,6,,,0,15,,31550,6,,,0,15,,31551,6,,,0,55,,31552,6,,,0,15,,31553,6,,,0,15,,31554,6,,,0,15,,31555,6,,,0,55,,31556,6,,,0,15,,31557,6,,,0,15,,31558,6,,,0,15,,31559,6,,,0,55,,31560,6,,,0,15,,31561,6,,,0,15,,31562,6,,,0,15,,31355,6,,,0
20201,'Saturday-00',443,,24225,9,,,0,10,,24235,9,,,0,50,,24247,9,,,0,10,,24256,12,,,0,10,,24268,12,,,0,10,,24279,12,,,0,10,,24288,12,,,0,10,,24299,12,,,0,50,,24310,12,,,0,10,,24319,12,,,0,10,,24330,12,,,0,10,,24226,12,,,0,10,,24236,12,,,0,10,,24248,12,,,0,50,,24257,12,,,0,10,,24269,12,,,0,10,,24280,12,,,0,10,,24289,12,,,0,10,,24300,12,,,0,10,,24311,12,,,0,50,,24320,12,,,0,10,,24331,12,,,0,10,,24227,12,,,0,10,,24237,12,,,0,10,,24249,12,,,0,10,,24258,12,,,0,50,,24270,12,,,0,10,,24281,12,,,0,10,,24290,12,,,0,10,,24301,12,,,0,10,,24312,12,,,0,10,,24321,12,,,0,50,,24332,12,,,0,10,,24229,12,,,0,10,,24238,12,,,0,10,,24250,12,,,0,10,,24259,12,,,0,10,,24271,12,,,0,50,,24282,12,,,0,10,,24291,12,,,0,10,,24302,12,,,0,10,,24313,12,,,0,10,,24322,12,,,0,10,,24333,12,,,0,50,,24228,12,,,0,10,,24239,12,,,0,10,,24251,12,,,0,10,,24260,12,,,0,10,,24272,12,,,0,10,,24283,12,,,0,50,,24292,12,,,0,10,,24303,12,,,0,10,,24314,12,,,0,10,,24323,12,,,0,10,,24334,12,,,0,10,,24230,12,,,0,50,,24240,12,,,0,10,,24252,12,,,0,10,,24261,12,,,0,10,,24273,12,,,0,10,,24284,12,,,0,10,,24293,12,,,0,50,,24304,12,,,0,10,,24315,12,,,0,10,,24324,12,,,0,10,,24335,12,,,0,10,,24231,12,,,0,10,,24241,12,,,0,50,,24253,12,,,0,10,,24262,12,,,0,10,,24274,12,,,0,10,,24285,12,,,0,10,,24295,12,,,0,10,,24305,12,,,0,50,,24316,12,,,0,10,,24325,12,,,0,10,,24336,12,,,0,10,,24232,12,,,0,10,,24242,12,,,0,10,,24254,12,,,0,50,,24263,12,,,0,10,,24275,12,,,0,10,,24286,12,,,0,10,,24294,12,,,0,10,,24306,12,,,0,10,,24317,12,,,0,50,,24326,12,,,0,10,,24337,12,,,0,10,,24233,12,,,0,10,,24243,12,,,0,10,,24255,12,,,0,10,,24264,12,,,0,50,,24276,12,,,0,10,,24287,12,,,0,10,,24296,12,,,0,10,,24307,12,,,0,10,,24318,12,,,0,10,,24327,12,,,0,50,,24338,12,,,0,10,,24234,12,,,0,10,,24244,12,,,0,15,,24265,12,,,0,15,,24277,12,,,0,55,,24297,12,,,0,15,,24308,12,,,0,15,,24328,12,,,0,15,,24339,12,,,0,55,,24245,12,,,0,15,,24266,12,,,0,15,,24278,12,,,0,15,,24298,12,,,0,55,,24309,12,,,0,15,,24329,12,,,0,15,,24340,12,,,0,15,,24246,12,,,0,55,,24267,12,,,0
20201,'Sunday-00',443,,24341,9,,,0,10,,24351,9,,,0,50,,24363,9,,,0,10,,24371,12,,,0,10,,24384,12,,,0,10,,24395,12,,,0,10,,24404,12,,,0,10,,24415,12,,,0,50,,24426,12,,,0,10,,24435,12,,,0,10,,24446,12,,,0,10,,24344,12,,,0,10,,24352,12,,,0,10,,24364,12,,,0,50,,24372,12,,,0,10,,24385,12,,,0,10,,24396,12,,,0,10,,24406,12,,,0,10,,24416,12,,,0,10,,24427,12,,,0,50,,24436,12,,,0,10,,24447,12,,,0,10,,24342,12,,,0,10,,24353,12,,,0,10,,24365,12,,,0,10,,24373,12,,,0,50,,24386,12,,,0,10,,24397,12,,,0,10,,24407,12,,,0,10,,24417,12,,,0,10,,24428,12,,,0,10,,24437,12,,,0,50,,24448,12,,,0,10,,24343,12,,,0,10,,24354,12,,,0,10,,24366,12,,,0,10,,24375,12,,,0,10,,24387,12,,,0,50,,24398,12,,,0,10,,24405,12,,,0,10,,24418,12,,,0,10,,24429,12,,,0,10,,24438,12,,,0,10,,24449,12,,,0,50,,24345,12,,,0,10,,24355,12,,,0,10,,24367,12,,,0,10,,24376,12,,,0,10,,24388,12,,,0,10,,24399,12,,,0,50,,24408,12,,,0,10,,24419,12,,,0,10,,24430,12,,,0,10,,24439,12,,,0,10,,24450,12,,,0,10,,24346,12,,,0,50,,24356,12,,,0,10,,24368,12,,,0,10,,24377,12,,,0,10,,24389,12,,,0,10,,24400,12,,,0,10,,24409,12,,,0,50,,24420,12,,,0,10,,24431,12,,,0,10,,24440,12,,,0,10,,24451,12,,,0,10,,24347,12,,,0,10,,24357,12,,,0,50,,24369,12,,,0,10,,24378,12,,,0,10,,24390,12,,,0,10,,24401,12,,,0,10,,24410,12,,,0,10,,24421,12,,,0,50,,24432,12,,,0,10,,24441,12,,,0,10,,24452,12,,,0,10,,24348,12,,,0,10,,24358,12,,,0,10,,24370,12,,,0,50,,24379,12,,,0,10,,24391,12,,,0,10,,24402,12,,,0,10,,24411,12,,,0,10,,24422,12,,,0,10,,24433,12,,,0,50,,24442,12,,,0,10,,24453,12,,,0,10,,24349,12,,,0,10,,24359,12,,,0,10,,24374,12,,,0,10,,24380,12,,,0,50,,24392,12,,,0,10,,24403,12,,,0,10,,24412,12,,,0,10,,24423,12,,,0,10,,24434,12,,,0,10,,24443,12,,,0,50,,24454,12,,,0,10,,24350,12,,,0,10,,24361,12,,,0,15,,24381,12,,,0,15,,24393,12,,,0,55,,24413,12,,,0,15,,24424,12,,,0,15,,24444,12,,,0,15,,24455,12,,,0,55,,24360,12,,,0,15,,24382,12,,,0,15,,24394,12,,,0,15,,24414,12,,,0,55,,24425,12,,,0,15,,24445,12,,,0,15,,24456,12,,,0,15,,24362,12,,,0,55,,24383,12,,,0
20201,'Weekday-00',406,,24594,9,,,0,11,,24595,9,,,0,14,,24593,9,,,0,9,,24457,12,,,0,10,,24458,12,,,0,50,,24459,12,,,0,10,,24460,12,,,0,11,,24461,12,,,0,8,,24462,12,,,0,10,,24464,12,,,0,5,,24597,9,,,0,5,,24465,12,,,0,3,,24596,9,,,0,4,,24598,9,,,0,45,,24466,12,,,0,5,,24600,9,,,0,5,,24463,12,,,0,4,,24599,9,,,0,7,,24467,12,,,0,6,,24601,9,,,0,4,,24469,12,,,0,5,,24470,12,,,0,5,,24471,12,,,0,5,,24468,12,,,0,5,,24472,12,,,0,5,,24473,12,,,0,45,,24475,12,,,0,5,,24476,12,,,0,5,,24477,12,,,0,5,,24474,12,,,0,5,,24478,12,,,0,5,,24479,12,,,0,5,,24480,12,,,0,5,,24481,12,,,0,5,,24482,12,,,0,5,,24483,12,,,0,5,,24484,12,,,0,5,,24485,12,,,0,45,,24486,12,,,0,5,,24487,12,,,0,5,,24488,12,,,0,5,,24489,12,,,0,5,,24490,12,,,0,5,,24491,12,,,0,5,,24492,12,,,0,5,,24493,12,,,0,5,,24494,12,,,0,5,,24495,12,,,0,5,,24496,12,,,0,5,,24497,12,,,0,45,,24498,12,,,0,5,,24499,12,,,0,10,,24500,12,,,0,10,,24501,12,,,0,5,,24502,12,,,0,10,,24503,12,,,0,10,,24504,12,,,0,50,,24505,12,,,0,10,,24506,12,,,0,10,,24507,12,,,0,10,,24508,12,,,0,10,,24509,12,,,0,10,,24510,12,,,0,50,,24511,12,,,0,10,,24512,12,,,0,10,,24513,12,,,0,10,,24514,12,,,0,10,,24515,12,,,0,10,,24516,12,,,0,50,,24517,12,,,0,10,,24518,12,,,0,10,,24519,12,,,0,10,,24520,12,,,0,10,,24521,12,,,0,10,,24522,12,,,0,50,,24523,12,,,0,10,,24524,12,,,0,10,,24525,12,,,0,10,,24526,12,,,0,10,,24527,12,,,0,10,,24528,12,,,0,50,,24529,12,,,0,10,,24530,12,,,0,10,,24531,12,,,0,10,,24532,12,,,0,3,,24602,9,,,0,6,,24533,12,,,0,4,,24603,9,,,0,7,,24534,12,,,0,3,,24604,9,,,0,47,,24535,12,,,0,5,,24605,9,,,0,4,,24536,12,,,0,4,,24606,9,,,0,7,,24537,12,,,0,5,,24538,12,,,0,5,,24540,12,,,0,5,,24541,12,,,0,5,,24542,12,,,0,5,,24539,12,,,0,5,,24543,12,,,0,5,,24545,12,,,0,45,,24546,12,,,0,5,,24547,12,,,0,5,,24544,12,,,0,5,,24548,12,,,0,5,,24549,12,,,0,5,,24551,12,,,0,5,,24552,12,,,0,5,,24553,12,,,0,5,,24550,12,,,0,5,,24554,12,,,0,4,,24555,12,,,0,6,,24558,12,,,0,45,,24559,12,,,0,5,,24556,12,,,0,5,,24557,12,,,0,5,,24560,12,,,0,5,,24561,12,,,0,5,,24562,12,,,0,5,,24563,12,,,0,5,,24564,12,,,0,5,,24565,12,,,0,4,,24566,12,,,0,4,,24567,12,,,0,5,,24568,12,,,0,45,,24569,12,,,0,4,,24570,12,,,0,5,,24571,12,,,0,5,,24572,12,,,0,5,,24573,12,,,0,5,,24574,12,,,0,6,,24575,12,,,0,10,,24576,12,,,0,10,,24577,12,,,0,50,,24578,12,,,0,9,,24579,12,,,0,9,,24580,12,,,0,11,,24581,12,,,0,11,,24582,12,,,0,8,,24583,12,,,0,52,,24584,12,,,0,10,,24585,12,,,0,10,,24586,12,,,0,9,,24587,12,,,0,11,,24588,12,,,0,10,,24589,12,,,0,50,,24590,12,,,0,10,,24591,12,,,0,10,,24592,12,,,0,13,,24608,12,,,0,15,,24609,12,,,0,55,,24610,12,,,0,15,,24611,12,,,0,15,,24612,12,,,0,15,,24613,12,,,0,55,,24614,12,,,0,15,,24616,12,,,0,15,,24618,12,,,0,15,,24619,12,,,0,55,,24615,12,,,0,15,,24620,12,,,0,15,,24617,12,,,0,15,,24621,12,,,0,60,,24607,12,,,0
20201,'LR3Sep30-Saturday-01',409,,24622,9,,,0,12,,24630,9,,,0,10,,24642,9,,,0,9,,24654,12,,,0,10,,24666,12,,,0,52,,24740,12,,,0,8,,24683,12,,,0,12,,24743,12,,,0,8,,24706,12,,,0,6,,24718,12,,,0,6,,24725,9,,,0,7,,24623,12,,,0,8,,24631,12,,,0,48,,24736,9,,,0,7,,24643,12,,,0,8,,24655,12,,,0,6,,24738,9,,,0,7,,24667,12,,,0,7,,24674,12,,,0,7,,24741,12,,,0,7,,24684,12,,,0,47,,24695,12,,,0,7,,24744,12,,,0,7,,24707,12,,,0,7,,24719,12,,,0,7,,24746,12,,,0,7,,24726,12,,,0,7,,24624,12,,,0,7,,24632,12,,,0,7,,24737,12,,,0,47,,24644,12,,,0,7,,24656,12,,,0,7,,24739,12,,,0,7,,24668,12,,,0,7,,24675,12,,,0,7,,24742,12,,,0,7,,24685,12,,,0,7,,24696,12,,,0,47,,24745,12,,,0,7,,24708,12,,,0,7,,24720,12,,,0,6,,24747,12,,,0,8,,24727,12,,,0,5,,24625,12,,,0,9,,24633,12,,,0,10,,24645,12,,,0,50,,24657,12,,,0,10,,24669,12,,,0,10,,24676,12,,,0,10,,24686,12,,,0,10,,24697,12,,,0,10,,24709,12,,,0,50,,24721,12,,,0,11,,24728,12,,,0,9,,24626,12,,,0,10,,24634,12,,,0,10,,24646,12,,,0,10,,24658,12,,,0,50,,24670,12,,,0,10,,24677,12,,,0,10,,24687,12,,,0,10,,24698,12,,,0,10,,24710,12,,,0,10,,24722,12,,,0,50,,24729,12,,,0,10,,24627,12,,,0,10,,24635,12,,,0,10,,24647,12,,,0,10,,24659,12,,,0,10,,24671,12,,,0,50,,24678,12,,,0,10,,24688,12,,,0,10,,24699,12,,,0,10,,24711,12,,,0,6,,24723,12,,,0,9,,24748,9,,,0,6,,24730,12,,,0,47,,24752,9,,,0,7,,24628,12,,,0,7,,24636,12,,,0,8,,24648,12,,,0,7,,24660,12,,,0,7,,24756,12,,,0,7,,24672,12,,,0,7,,24679,12,,,0,7,,24758,12,,,0,47,,24689,12,,,0,7,,24700,12,,,0,7,,24760,12,,,0,7,,24712,12,,,0,7,,24724,12,,,0,7,,24749,12,,,0,7,,24731,12,,,0,7,,24753,12,,,0,47,,24629,12,,,0,7,,24637,12,,,0,7,,24649,12,,,0,7,,24661,12,,,0,7,,24757,12,,,0,7,,24673,12,,,0,7,,24680,12,,,0,6,,24759,12,,,0,6,,24690,12,,,0,47,,24701,12,,,0,7,,24761,12,,,0,7,,24713,12,,,0,7,,24750,12,,,0,7,,24732,12,,,0,11,,24754,12,,,0,10,,24638,12,,,0,51,,24650,12,,,0,9,,24662,12,,,0,10,,24681,12,,,0,10,,24691,12,,,0,10,,24702,12,,,0,10,,24714,12,,,0,50,,24751,12,,,0,10,,24733,12,,,0,10,,24755,12,,,0,10,,24639,12,,,0,10,,24651,12,,,0,10,,24663,12,,,0,50,,24682,12,,,0,10,,24692,12,,,0,10,,24703,12,,,0,15,,24715,12,,,0,15,,24734,12,,,0,55,,24640,12,,,0,15,,24652,12,,,0,15,,24664,12,,,0,15,,24693,12,,,0,55,,24704,12,,,0,15,,24716,12,,,0,15,,24735,12,,,0,15,,24641,12,,,0,55,,24653,12,,,0,15,,24665,12,,,0,15,,24694,12,,,0,15,,24705,12,,,0,60,,24717,12,,,0
20201,'pT1Oct12-Sunday-01',443,,32612,9,,,0,10,,32621,9,,,0,50,,32633,9,,,0,10,,32641,12,,,0,10,,32654,12,,,0,10,,32665,12,,,0,10,,32674,12,,,0,10,,32685,12,,,0,50,,32696,12,,,0,10,,32705,12,,,0,10,,32716,12,,,0,10,,32614,12,,,0,10,,32622,12,,,0,10,,32634,12,,,0,50,,32642,12,,,0,10,,32655,12,,,0,10,,32666,12,,,0,10,,32676,12,,,0,10,,32686,12,,,0,10,,32697,12,,,0,50,,32706,12,,,0,10,,32717,12,,,0,10,,32613,12,,,0,10,,32623,12,,,0,10,,32635,12,,,0,10,,32643,12,,,0,50,,32656,12,,,0,10,,32667,12,,,0,10,,32677,12,,,0,10,,32687,12,,,0,10,,32698,12,,,0,10,,32707,12,,,0,50,,32718,12,,,0,10,,32611,12,,,0,10,,32624,12,,,0,10,,32636,12,,,0,10,,32645,12,,,0,10,,32657,12,,,0,50,,32668,12,,,0,10,,32675,12,,,0,10,,32688,12,,,0,10,,32699,12,,,0,10,,32708,12,,,0,10,,32719,12,,,0,50,,32616,12,,,0,10,,32625,12,,,0,10,,32637,12,,,0,10,,32646,12,,,0,10,,32658,12,,,0,10,,32669,12,,,0,50,,32678,12,,,0,10,,32689,12,,,0,10,,32700,12,,,0,10,,32709,12,,,0,10,,32720,12,,,0,10,,32615,12,,,0,50,,32626,12,,,0,10,,32638,12,,,0,10,,32647,12,,,0,10,,32659,12,,,0,10,,32670,12,,,0,10,,32679,12,,,0,50,,32690,12,,,0,10,,32701,12,,,0,10,,32710,12,,,0,10,,32721,12,,,0,10,,32617,12,,,0,10,,32627,12,,,0,50,,32639,12,,,0,10,,32648,12,,,0,10,,32660,12,,,0,10,,32671,12,,,0,10,,32680,12,,,0,10,,32691,12,,,0,50,,32702,12,,,0,10,,32711,12,,,0,10,,32722,12,,,0,10,,32618,12,,,0,10,,32628,12,,,0,10,,32640,12,,,0,50,,32649,12,,,0,10,,32661,12,,,0,10,,32672,12,,,0,10,,32681,12,,,0,10,,32692,12,,,0,10,,32703,12,,,0,50,,32712,12,,,0,10,,32723,12,,,0,10,,32619,12,,,0,10,,32629,12,,,0,10,,32644,12,,,0,10,,32650,12,,,0,50,,32662,12,,,0,10,,32673,12,,,0,10,,32682,12,,,0,10,,32693,12,,,0,10,,32704,12,,,0,10,,32713,12,,,0,50,,32724,12,,,0,10,,32620,12,,,0,10,,32631,12,,,0,15,,32651,12,,,0,15,,32663,12,,,0,55,,32683,12,,,0,15,,32694,12,,,0,15,,32714,12,,,0,15,,32725,12,,,0,55,,32630,12,,,0,15,,32652,12,,,0,15,,32664,12,,,0,15,,32684,12,,,0,55,,32695,12,,,0,15,,32715,12,,,0,15,,32726,12,,,0,15,,32632,12,,,0,55,,32653,12,,,0
20201,'pT6Oct03-Saturday-01',443,,30656,9,,,0,10,,30665,9,,,0,50,,30677,9,,,0,10,,30687,12,,,0,10,,30698,12,,,0,10,,30709,12,,,0,10,,30718,12,,,0,10,,30729,12,,,0,50,,30740,12,,,0,10,,30749,12,,,0,10,,30760,12,,,0,10,,30655,12,,,0,10,,30667,12,,,0,10,,30678,12,,,0,50,,30686,12,,,0,10,,30699,12,,,0,10,,30710,12,,,0,10,,30719,12,,,0,10,,30730,12,,,0,10,,30741,12,,,0,50,,30750,12,,,0,10,,30761,12,,,0,10,,30657,12,,,0,10,,30666,12,,,0,10,,30679,12,,,0,10,,30688,12,,,0,50,,30700,12,,,0,10,,30711,12,,,0,10,,30720,12,,,0,10,,30731,12,,,0,10,,30742,12,,,0,10,,30751,12,,,0,50,,30762,12,,,0,10,,30659,12,,,0,10,,30668,12,,,0,10,,30680,12,,,0,10,,30689,12,,,0,10,,30701,12,,,0,50,,30712,12,,,0,10,,30722,12,,,0,10,,30732,12,,,0,10,,30743,12,,,0,10,,30752,12,,,0,10,,30763,12,,,0,50,,30658,12,,,0,10,,30669,12,,,0,10,,30681,12,,,0,10,,30690,12,,,0,10,,30702,12,,,0,10,,30713,12,,,0,50,,30721,12,,,0,10,,30733,12,,,0,10,,30744,12,,,0,10,,30754,12,,,0,10,,30764,12,,,0,10,,30660,12,,,0,50,,30670,12,,,0,10,,30682,12,,,0,10,,30691,12,,,0,10,,30703,12,,,0,10,,30714,12,,,0,10,,30723,12,,,0,50,,30734,12,,,0,10,,30745,12,,,0,10,,30753,12,,,0,10,,30765,12,,,0,10,,30661,12,,,0,10,,30671,12,,,0,50,,30683,12,,,0,10,,30692,12,,,0,10,,30704,12,,,0,10,,30715,12,,,0,10,,30725,12,,,0,10,,30735,12,,,0,50,,30746,12,,,0,10,,30755,12,,,0,10,,30766,12,,,0,10,,30662,12,,,0,10,,30672,12,,,0,10,,30684,12,,,0,50,,30693,12,,,0,10,,30705,12,,,0,10,,30716,12,,,0,10,,30724,12,,,0,10,,30736,12,,,0,10,,30747,12,,,0,50,,30756,12,,,0,10,,30767,12,,,0,10,,30663,12,,,0,10,,30673,12,,,0,10,,30685,12,,,0,10,,30694,12,,,0,50,,30706,12,,,0,10,,30717,12,,,0,10,,30726,12,,,0,10,,30737,12,,,0,10,,30748,12,,,0,10,,30757,12,,,0,50,,30768,12,,,0,10,,30664,12,,,0,10,,30674,12,,,0,15,,30695,12,,,0,15,,30707,12,,,0,55,,30727,12,,,0,15,,30738,12,,,0,15,,30758,12,,,0,15,,30769,12,,,0,55,,30675,12,,,0,15,,30696,12,,,0,15,,30708,12,,,0,15,,30728,12,,,0,55,,30739,12,,,0,15,,30759,12,,,0,15,,30770,12,,,0,15,,30676,12,,,0,55,,30697,12,,,0
20201,'pT6Oct10-Saturday-01',443,,32755,9,,,0,10,,32765,9,,,0,50,,32777,9,,,0,10,,32786,12,,,0,10,,32798,12,,,0,10,,32809,12,,,0,10,,32818,12,,,0,10,,32829,12,,,0,50,,32840,12,,,0,10,,32849,12,,,0,10,,32860,12,,,0,10,,32756,12,,,0,10,,32766,12,,,0,10,,32778,12,,,0,50,,32787,12,,,0,10,,32799,12,,,0,10,,32810,12,,,0,10,,32819,12,,,0,10,,32830,12,,,0,10,,32841,12,,,0,50,,32850,12,,,0,10,,32861,12,,,0,10,,32757,12,,,0,10,,32767,12,,,0,10,,32779,12,,,0,10,,32788,12,,,0,50,,32800,12,,,0,10,,32813,12,,,0,10,,32820,12,,,0,10,,32831,12,,,0,10,,32842,12,,,0,10,,32851,12,,,0,50,,32862,12,,,0,10,,32758,12,,,0,10,,32768,12,,,0,10,,32780,12,,,0,10,,32789,12,,,0,10,,32801,12,,,0,50,,32811,12,,,0,10,,32821,12,,,0,10,,32832,12,,,0,10,,32843,12,,,0,10,,32852,12,,,0,10,,32863,12,,,0,50,,32759,12,,,0,10,,32769,12,,,0,10,,32781,12,,,0,10,,32790,12,,,0,10,,32802,12,,,0,10,,32812,12,,,0,50,,32822,12,,,0,10,,32833,12,,,0,10,,32844,12,,,0,10,,32853,12,,,0,10,,32864,12,,,0,10,,32762,12,,,0,50,,32770,12,,,0,10,,32782,12,,,0,10,,32791,12,,,0,10,,32803,12,,,0,10,,32814,12,,,0,10,,32823,12,,,0,50,,32834,12,,,0,10,,32845,12,,,0,10,,32854,12,,,0,10,,32865,12,,,0,10,,32760,12,,,0,10,,32771,12,,,0,50,,32783,12,,,0,10,,32792,12,,,0,10,,32804,12,,,0,10,,32815,12,,,0,10,,32824,12,,,0,10,,32835,12,,,0,50,,32846,12,,,0,10,,32855,12,,,0,10,,32866,12,,,0,10,,32761,12,,,0,10,,32772,12,,,0,10,,32784,12,,,0,50,,32793,12,,,0,10,,32805,12,,,0,10,,32816,12,,,0,10,,32825,12,,,0,10,,32836,12,,,0,10,,32847,12,,,0,50,,32856,12,,,0,10,,32867,12,,,0,10,,32763,12,,,0,10,,32773,12,,,0,10,,32785,12,,,0,10,,32794,12,,,0,50,,32806,12,,,0,10,,32817,12,,,0,10,,32826,12,,,0,10,,32837,12,,,0,10,,32848,12,,,0,10,,32857,12,,,0,50,,32868,12,,,0,10,,32764,12,,,0,10,,32774,12,,,0,15,,32795,12,,,0,15,,32807,12,,,0,55,,32827,12,,,0,15,,32838,12,,,0,15,,32858,12,,,0,15,,32869,12,,,0,55,,32775,12,,,0,15,,32797,12,,,0,15,,32808,12,,,0,15,,32828,12,,,0,55,,32839,12,,,0,15,,32859,12,,,0,15,,32870,12,,,0,15,,32776,12,,,0,55,,32796,12,,,0
20201,'pT7Oct04-Sunday-01',443,,30771,9,,,0,10,,30781,9,,,0,50,,30793,9,,,0,10,,30801,12,,,0,10,,30814,12,,,0,10,,30825,12,,,0,10,,30834,12,,,0,10,,30845,12,,,0,50,,30856,12,,,0,10,,30865,12,,,0,10,,30876,12,,,0,10,,30774,12,,,0,10,,30782,12,,,0,10,,30794,12,,,0,50,,30802,12,,,0,10,,30815,12,,,0,10,,30826,12,,,0,10,,30836,12,,,0,10,,30846,12,,,0,10,,30857,12,,,0,50,,30866,12,,,0,10,,30877,12,,,0,10,,30772,12,,,0,10,,30783,12,,,0,10,,30795,12,,,0,10,,30803,12,,,0,50,,30816,12,,,0,10,,30827,12,,,0,10,,30837,12,,,0,10,,30847,12,,,0,10,,30858,12,,,0,10,,30867,12,,,0,50,,30878,12,,,0,10,,30773,12,,,0,10,,30784,12,,,0,10,,30796,12,,,0,10,,30805,12,,,0,10,,30817,12,,,0,50,,30828,12,,,0,10,,30835,12,,,0,10,,30848,12,,,0,10,,30859,12,,,0,10,,30868,12,,,0,10,,30879,12,,,0,50,,30776,12,,,0,10,,30785,12,,,0,10,,30797,12,,,0,10,,30806,12,,,0,10,,30818,12,,,0,10,,30829,12,,,0,50,,30838,12,,,0,10,,30849,12,,,0,10,,30860,12,,,0,10,,30869,12,,,0,10,,30880,12,,,0,10,,30775,12,,,0,50,,30786,12,,,0,10,,30798,12,,,0,10,,30807,12,,,0,10,,30819,12,,,0,10,,30830,12,,,0,10,,30839,12,,,0,50,,30851,12,,,0,10,,30861,12,,,0,10,,30870,12,,,0,10,,30881,12,,,0,10,,30777,12,,,0,10,,30787,12,,,0,50,,30799,12,,,0,10,,30808,12,,,0,10,,30820,12,,,0,10,,30831,12,,,0,10,,30840,12,,,0,10,,30852,12,,,0,50,,30862,12,,,0,10,,30871,12,,,0,10,,30882,12,,,0,10,,30778,12,,,0,10,,30788,12,,,0,10,,30800,12,,,0,50,,30809,12,,,0,10,,30821,12,,,0,10,,30832,12,,,0,10,,30841,12,,,0,10,,30850,12,,,0,10,,30863,12,,,0,50,,30872,12,,,0,10,,30883,12,,,0,10,,30779,12,,,0,10,,30789,12,,,0,10,,30804,12,,,0,10,,30810,12,,,0,50,,30822,12,,,0,10,,30833,12,,,0,10,,30842,12,,,0,10,,30853,12,,,0,10,,30864,12,,,0,10,,30873,12,,,0,50,,30884,12,,,0,10,,30780,12,,,0,10,,30791,12,,,0,15,,30811,12,,,0,15,,30823,12,,,0,55,,30843,12,,,0,15,,30854,12,,,0,15,,30874,12,,,0,15,,30885,12,,,0,55,,30790,12,,,0,15,,30812,12,,,0,15,,30824,12,,,0,15,,30844,12,,,0,55,,30855,12,,,0,15,,30875,12,,,0,15,,30886,12,,,0,15,,30792,12,,,0,55,,30813,12,,,0
20201,'pT7Oct11-Sunday-01',438,,32953,12,,,0,15,,32952,12,,,0,55,,32951,12,,,0,15,,32948,12,,,0,15,,32942,12,,,0,15,,32947,12,,,0,55,,32943,12,,,0,15,,32946,12,,,0,15,,32949,12,,,0,15,,32945,12,,,0,55,,32950,12,,,0,15,,32944,12,,,0,15,,32912,12,,,0,15,,32913,12,,,0,55,,32914,12,,,0,15,,32915,12,,,0,15,,32916,12,,,0,15,,32917,12,,,0,55,,32918,12,,,0,15,,32919,12,,,0,15,,32920,12,,,0,15,,32921,12,,,0,55,,32922,12,,,0,15,,32923,12,,,0,15,,32924,12,,,0,15,,32925,12,,,0,55,,32926,12,,,0,15,,32927,12,,,0,15,,32928,12,,,0,15,,32929,12,,,0,55,,32931,12,,,0,15,,32932,12,,,0,15,,32933,12,,,0,15,,32934,12,,,0,55,,32935,12,,,0,15,,32936,12,,,0,15,,32937,12,,,0,15,,32938,12,,,0,55,,32939,12,,,0,15,,32940,12,,,0,15,,32941,12,,,0,15,,32930,12,,,0,55,,32893,12,,,0,15,,32889,12,,,0,15,,32892,12,,,0,15,,32890,12,,,0,55,,32891,12,,,0,15,,32911,12,,,0,15,,32908,12,,,0,15,,32909,12,,,0,55,,32910,12,,,0,15,,32907,12,,,0,15,,32906,12,,,0,15,,32905,12,,,0,55,,32904,12,,,0,15,,32903,12,,,0,15,,32902,12,,,0,15,,32901,12,,,0,55,,32900,12,,,0,15,,32898,12,,,0,15,,32899,12,,,0,15,,32897,12,,,0,55,,32896,12,,,0,15,,32895,12,,,0,15,,32894,12,,,0,15,,32885,12,,,0,55,,32886,12,,,0,15,,32887,12,,,0,15,,32888,12,,,0,15,,32875,12,,,0,55,,32877,12,,,0,15,,32879,12,,,0,15,,32881,12,,,0,15,,32883,12,,,0,55,,32872,12,,,0,15,,32874,12,,,0,15,,32876,12,,,0,15,,32878,12,,,0,55,,32880,12,,,0,15,,32882,12,,,0,15,,32884,12,,,0,15,,32871,12,,,0,55,,32873,12,,,0
